   1.2020967e+01
   1.2156567e+01
   1.5342767e+01
   2.4451700e+01
   3.7453967e+01
   4.0570833e+01
   4.3065467e+01
   4.3465033e+01
   4.3524433e+01
   4.4087733e+01
   4.4681167e+01
   4.5579000e+01
   4.7694367e+01
   5.3582100e+01
   5.3587933e+01
   5.4291700e+01
   5.5637167e+01
   5.5815367e+01
   5.5845433e+01
   5.6480100e+01
   5.8030500e+01
   6.0443167e+01
   6.4527500e+01
   7.1584033e+01
   8.1058000e+01
   8.2525667e+01
   8.2717800e+01
   8.2929367e+01
   8.4283600e+01
   9.0871533e+01
   1.0407600e+02
   1.3227780e+02
   1.3228920e+02
   1.4229367e+02
   1.6406143e+02
   1.6407353e+02
   1.6410430e+02
   1.6412923e+02
   1.6615337e+02
   1.6617740e+02
   1.6653693e+02
   1.6671120e+02
   1.6688407e+02
   1.7504680e+02
   1.7506080e+02
   1.8085750e+02
   1.8446023e+02
   1.8461000e+02
   1.8464347e+02
   1.8866963e+02
   1.9476627e+02
   1.9959557e+02
   2.0912540e+02
   2.0916440e+02
   2.0917773e+02
   2.1075827e+02
   2.1278010e+02
   2.1786363e+02
   2.1787090e+02
   2.1911953e+02
   2.1912387e+02
   2.1912810e+02
   2.1944907e+02
   2.1958427e+02
   2.2010407e+02
   2.2675520e+02
   2.2678930e+02
   2.2813717e+02
   2.3651557e+02
   2.3702693e+02
   2.4223873e+02
   2.4540377e+02
   2.5033370e+02
   2.5297090e+02
   2.5408543e+02
   2.6184357e+02
   2.6722940e+02
   2.6723383e+02
   2.7615240e+02
   2.7680723e+02
   2.7681180e+02
   2.7840833e+02
   2.7958437e+02
   2.9059590e+02
   2.9062303e+02
   2.9064637e+02
   2.9066307e+02
   2.9103070e+02
   2.9185250e+02
   2.9214920e+02
   3.0979810e+02
   3.2526367e+02
   3.2630180e+02
   3.3932143e+02
   3.4788630e+02
   3.4822933e+02
   3.4824140e+02
   3.4832000e+02
   3.4844353e+02
   3.4855930e+02
   3.4898797e+02
   3.4961653e+02
   3.5016707e+02
   3.5324747e+02
   3.6424363e+02
   3.8274580e+02
   4.0248127e+02
   4.0273397e+02
   4.0302550e+02
   4.1593540e+02
   4.1594040e+02
   4.1594623e+02
   4.4209013e+02
   4.4511627e+02
   4.8148440e+02
   4.9902113e+02
   4.9917057e+02
   4.9921483e+02
   5.0218513e+02
   5.0220703e+02
   5.0234627e+02
   5.0370870e+02
   5.0424860e+02
   5.0797550e+02
   5.1256190e+02
   5.1260117e+02
   5.1290163e+02
   5.1639543e+02
   5.1641750e+02
   5.1860973e+02
   5.1861543e+02
   5.1861970e+02
   5.1862517e+02
   5.1893443e+02
   5.1894650e+02
   5.1927627e+02
   5.3097783e+02
   5.3322337e+02
   5.3322993e+02
   5.3922133e+02
   5.4186057e+02
   5.4187043e+02
   5.4187583e+02
   5.4188397e+02
   5.4203323e+02
   5.4227660e+02
   5.4259200e+02
   5.4528570e+02
   5.4568400e+02
   5.4658500e+02
   5.4731170e+02
   5.4732433e+02
   5.4747653e+02
   5.5076550e+02
   5.5077287e+02
   5.5459750e+02
   5.5463827e+02
   5.5464017e+02
   5.5465200e+02
   5.5642813e+02
   5.5644430e+02
   5.5644927e+02
   5.6758220e+02
   5.6804823e+02
   5.7162527e+02
   5.7468100e+02
   5.7900023e+02
   5.7901257e+02
   5.7971797e+02
   5.7972387e+02
   5.8110117e+02
   5.8144810e+02
   5.8148947e+02
   5.8149957e+02
   5.8171547e+02
   5.8433720e+02
   5.8475807e+02
   5.8895580e+02
   5.8919580e+02
   5.9030893e+02
   6.0747343e+02
   6.0759937e+02
   6.1963140e+02
   6.2134863e+02
   6.2234527e+02
   6.2250937e+02
   6.4164783e+02
   6.4322783e+02
   6.4607840e+02
   6.4608877e+02
   6.4650383e+02
   6.4692470e+02
   6.7766933e+02
   6.8600177e+02
   6.8664543e+02
   6.8713163e+02
   6.8755973e+02
   6.8769500e+02
   6.9132170e+02
   6.9298690e+02
   7.0095287e+02
   7.0161307e+02
   7.0173270e+02
   7.0934973e+02
   7.1377907e+02
   7.1379553e+02
   7.1455863e+02
   7.1456470e+02
   7.1516020e+02
   7.1589140e+02
   7.1605270e+02
   7.1984010e+02
   7.2082690e+02
   7.2316857e+02
   7.2328627e+02
   7.2329073e+02
   7.2405680e+02
   7.2426403e+02
   7.2427250e+02
   7.2510807e+02
   7.2570360e+02
   7.2572050e+02
   7.2908900e+02
   7.2946307e+02
   7.3097087e+02
   7.3132723e+02
   7.3134390e+02
   7.3170113e+02
   7.4002553e+02
   7.4017093e+02
   7.4065983e+02
   7.4066553e+02
   7.4106117e+02
   7.4106723e+02
   7.4128133e+02
   7.4220733e+02
   7.4223087e+02
   7.5098510e+02
   7.5099283e+02
   7.5133383e+02
   7.5134010e+02
   7.5134490e+02
   7.5237757e+02
   7.5355307e+02
   7.5355720e+02
   7.5356137e+02
   7.5636160e+02
   7.5637297e+02
   7.5771960e+02
   7.6382323e+02
   7.6417623e+02
   7.6438780e+02
   7.6439317e+02
   7.6453323e+02
   8.0035707e+02
   8.1655913e+02
   8.1656747e+02
   8.1658810e+02
   8.1664820e+02
   8.1665270e+02
   8.1665720e+02
   8.1666173e+02
   8.1696240e+02
   8.2566387e+02
   8.2790437e+02
   8.2813573e+02
   8.3369373e+02
   8.3692567e+02
   8.3883647e+02
   8.3939473e+02
   8.4361683e+02
   8.4553120e+02
   8.4561133e+02
   8.4561807e+02
   8.4562337e+02
   8.4562813e+02
   8.4590367e+02
   8.4763267e+02
   8.4813777e+02
   8.4821547e+02
   8.4822770e+02
   8.4893767e+02
   8.5613587e+02
   8.5629790e+02
   8.5694520e+02
   8.5796757e+02
   8.5806783e+02
   8.5807517e+02
   8.5808147e+02
   8.5832330e+02
   8.5840140e+02
   8.6216553e+02
   8.6224647e+02
   8.6226760e+02
   8.6227647e+02
   8.6228080e+02
   8.6230233e+02
   8.6232407e+02
   8.6286540e+02
   8.6423500e+02
   8.6425203e+02
   8.6604627e+02
   8.6671433e+02
   8.6671937e+02
   8.6705327e+02
   8.9040573e+02
   8.9381723e+02
   8.9420290e+02
   9.3302707e+02
   9.4195813e+02
   9.8656477e+02
   1.0012105e+03
   1.0173753e+03
   1.0173921e+03
   1.0185052e+03
   1.0185097e+03
   1.0185145e+03
   1.0215825e+03
   1.0289069e+03
   1.0327929e+03
   1.0437821e+03
   1.0437920e+03
   1.0919144e+03
   1.0983442e+03
   1.0983544e+03
   1.1199645e+03
   1.1211641e+03
   1.1216454e+03
   1.1219695e+03
   1.1232307e+03
   1.1237230e+03
   1.1246266e+03
   1.1380732e+03
   1.1750310e+03
   1.1798198e+03
   1.1801576e+03
   1.1981295e+03
   1.2024676e+03
   1.2051608e+03
   1.2051685e+03
   1.2072723e+03
   1.2107156e+03
   1.2257640e+03
   1.2395448e+03
   1.2414607e+03
   1.2416679e+03
   1.2497426e+03
   1.2630113e+03
   1.2632892e+03
   1.2670505e+03
   1.3004176e+03
   1.3089443e+03
   1.3092057e+03
   1.3151479e+03
   1.3171320e+03
   1.3171547e+03
   1.3171693e+03
   1.3212028e+03
   1.3254249e+03
   1.3254388e+03
   1.3254453e+03
   1.3254509e+03
   1.3266289e+03
   1.3266873e+03
   1.3342427e+03
   1.3342658e+03
   1.3387098e+03
   1.3387731e+03
   1.3388090e+03
   1.3393973e+03
   1.3406227e+03
   1.3406770e+03
   1.3408191e+03
   1.3498852e+03
   1.3508841e+03
   1.3534499e+03
   1.3534687e+03
   1.3569383e+03
   1.3669232e+03
   1.3735058e+03
   1.3735274e+03
   1.3812362e+03
   1.3888135e+03
   1.3889566e+03
   1.3889625e+03
   1.3889660e+03
   1.3954428e+03
   1.3954494e+03
   1.3985190e+03
   1.3989744e+03
   1.3999510e+03
   1.4056748e+03
   1.4060773e+03
   1.4060875e+03
   1.4060912e+03
   1.4070054e+03
   1.4118089e+03
   1.4221252e+03
   1.4221384e+03
   1.4221474e+03
   1.4226667e+03
   1.4227325e+03
   1.4227778e+03
   1.4227825e+03
   1.4227866e+03
   1.4232695e+03
   1.4235416e+03
   1.4269324e+03
   1.4313820e+03
   1.4331300e+03
   1.4332894e+03
   1.4332951e+03
   1.4354210e+03
   1.4359561e+03
   1.4368391e+03
   1.4486711e+03
   1.4536362e+03
   1.4567337e+03
   1.4567394e+03
   1.4577795e+03
   1.4611452e+03
   1.4611586e+03
   1.4618355e+03
   1.4623264e+03
   1.4623369e+03
   1.4630232e+03
   1.4637263e+03
   1.4682052e+03
   1.4686724e+03
   1.4692055e+03
   1.4693584e+03
   1.4695847e+03
   1.4697172e+03
   1.4698693e+03
   1.4698757e+03
   1.4698811e+03
   1.4702240e+03
   1.4715427e+03
   1.4721753e+03
   1.4775063e+03
   1.4775783e+03
   1.4799786e+03
   1.4799824e+03
   1.4802637e+03
   1.4839578e+03
   1.4919654e+03
   1.4928755e+03
   1.4966968e+03
   1.4973521e+03
   1.4973578e+03
   1.4973820e+03
   1.4974263e+03
   1.4974314e+03
   1.5030253e+03
   1.5030577e+03
   1.5041443e+03
   1.5042444e+03
   1.5077561e+03
   1.5077633e+03
   1.5080131e+03
   1.5084525e+03
   1.5098403e+03
   1.5122929e+03
   1.5145078e+03
   1.5215792e+03
   1.5247710e+03
   1.5247804e+03
   1.5247857e+03
   1.5247946e+03
   1.5291869e+03
   1.5291919e+03
   1.5334541e+03
   1.5335862e+03
   1.5335906e+03
   1.5335953e+03
   1.5350343e+03
   1.5429447e+03
   1.5432599e+03
   1.5491374e+03
   1.5491433e+03
   1.5495217e+03
   1.5495262e+03
   1.5513548e+03
   1.5522292e+03
   1.5522355e+03
   1.5611078e+03
   1.5611157e+03
   1.5612191e+03
   1.5612246e+03
   1.5629191e+03
   1.5632030e+03
   1.5635092e+03
   1.5635145e+03
   1.5638070e+03
   1.5680861e+03
   1.5690552e+03
   1.5693557e+03
   1.5764355e+03
   1.5765488e+03
   1.5797988e+03
   1.5798059e+03
   1.5801626e+03
   1.5817355e+03
   1.5820047e+03
   1.5824115e+03
   1.5848640e+03
   1.5851948e+03
   1.5851997e+03
   1.5861462e+03
   1.5861513e+03
   1.5864420e+03
   1.5864477e+03
   1.5864556e+03
   1.5864733e+03
   1.5873575e+03
   1.5876039e+03
   1.5876086e+03
   1.5876142e+03
   1.5878566e+03
   1.5898750e+03
   1.5902973e+03
   1.5907204e+03
   1.5920615e+03
   1.5936529e+03
   1.5972222e+03
   1.5972260e+03
   1.5972314e+03
   1.5972354e+03
   1.5996060e+03
   1.6017746e+03
   1.6023339e+03
   1.6023390e+03
   1.6029850e+03
   1.6156943e+03
   1.6202126e+03
   1.6202245e+03
   1.6233291e+03
   1.6260939e+03
   1.6260976e+03
   1.6261901e+03
   1.6269180e+03
   1.6270224e+03
   1.6295387e+03
   1.6300942e+03
   1.6360073e+03
   1.6449911e+03
   1.6457632e+03
   1.6488716e+03
   1.6492755e+03
   1.6492828e+03
   1.6504024e+03
   1.6506299e+03
   1.6506479e+03
   1.6506553e+03
   1.6516474e+03
   1.6516547e+03
   1.6521297e+03
   1.6617875e+03
   1.6618075e+03
   1.6630607e+03
   1.6630646e+03
   1.6687379e+03
   1.6721444e+03
   1.6750935e+03
   1.6766462e+03
   1.6766521e+03
   1.6769978e+03
   1.6770044e+03
   1.6796994e+03
   1.6800456e+03
   1.6802856e+03
   1.6805706e+03
   1.6862539e+03
   1.6876177e+03
   1.6904196e+03
   1.6937608e+03
   1.6955526e+03
   1.6955637e+03
   1.6981008e+03
   1.6981054e+03
   1.6981166e+03
   1.6981214e+03
   1.6988191e+03
   1.6988331e+03
   1.7052401e+03
   1.7077485e+03
   1.7096945e+03
   1.7099000e+03
   1.7099236e+03
   1.7107212e+03
   1.7107427e+03
   1.7123316e+03
   1.7123408e+03
   1.7129502e+03
   1.7129619e+03
   1.7129779e+03
   1.7144020e+03
   1.7144387e+03
   1.7155804e+03
   1.7194288e+03
   1.7214138e+03
   1.7225005e+03
   1.7225067e+03
   1.7226074e+03
   1.7227144e+03
   1.7227338e+03
   1.7227896e+03
   1.7228811e+03
   1.7230146e+03
   1.7230193e+03
   1.7230467e+03
   1.7230505e+03
   1.7265397e+03
   1.7337553e+03
   1.7430321e+03
   1.7527494e+03
   1.7596462e+03
   1.7770925e+03
   1.7771430e+03
   1.8011609e+03
   1.8017517e+03
   1.8042164e+03
   1.8110007e+03
   1.8352524e+03
   1.8386247e+03
   1.8387295e+03
   1.8436040e+03
   1.8463744e+03
   1.8695026e+03
   1.9235451e+03
   1.9290417e+03
   1.9344715e+03
   1.9370085e+03
   1.9463351e+03
   1.9516149e+03
   1.9533074e+03
   1.9612305e+03
   1.9629346e+03
   1.9629412e+03
   1.9629459e+03
   1.9677858e+03
   2.0676433e+03
   2.0751047e+03
   2.1577040e+03
   2.1586143e+03
   2.1898705e+03
   2.1899847e+03
   2.1900053e+03
   2.1900204e+03
   2.2130581e+03
   2.2480117e+03
   2.2488694e+03
   2.2592706e+03
   2.2592763e+03
   2.2592811e+03
   2.2625359e+03
   2.2644186e+03
   2.2672186e+03
   2.2855420e+03
   2.2966722e+03
   2.3036471e+03
   2.3038057e+03
   2.3084196e+03
   2.3208654e+03
   2.3214767e+03
   2.3238203e+03
   2.3238266e+03
   2.3304679e+03
   2.3304930e+03
   2.3318884e+03
   2.3319120e+03
   2.3319199e+03
   2.3321504e+03
   2.3321550e+03
   2.3336358e+03
   2.3342435e+03
   2.3342845e+03
   2.3342912e+03
   2.3349875e+03
   2.3349920e+03
   2.3361491e+03
   2.3365411e+03
   2.3365458e+03
   2.3365516e+03
   2.3387751e+03
   2.3387793e+03
   2.3387920e+03
   2.3390445e+03
   2.3390581e+03
   2.3390626e+03
   2.3391782e+03
   2.3391827e+03
   2.3391947e+03
   2.3392599e+03
   2.3392636e+03
   2.3402527e+03
   2.3406550e+03
   2.3406603e+03
   2.3406681e+03
   2.3410016e+03
   2.3410027e+03
   2.3410071e+03
   2.3414126e+03
   2.3419382e+03
   2.3419454e+03
   2.3419505e+03
   2.3426208e+03
   2.3426757e+03
   2.3426831e+03
   2.3431933e+03
   2.3432075e+03
   2.3432215e+03
   2.3433523e+03
   2.3436874e+03
   2.3518218e+03
   2.3518257e+03
   2.3518321e+03
   2.3521457e+03
   2.3521497e+03
   2.3522550e+03
   2.3522588e+03
   2.3522665e+03
   2.3556435e+03
   2.3556641e+03
   2.3575660e+03
   2.3576801e+03
   2.3576847e+03
   2.3591795e+03
   2.3591910e+03
   2.3598186e+03
   2.3598297e+03
   2.3617617e+03
   2.3617664e+03
   2.3617709e+03
   2.3626690e+03
   2.3626732e+03
   2.3640548e+03
   2.3640687e+03
   2.3640780e+03
   2.3641847e+03
   2.3641883e+03
   2.3641934e+03
   2.3641981e+03
   2.3642739e+03
   2.3642773e+03
   2.3642895e+03
   2.3642959e+03
   2.3643194e+03
   2.3643261e+03
   2.3645415e+03
   2.3645499e+03
   2.3645673e+03
   2.3654709e+03
   2.3654797e+03
   2.3656949e+03
   2.3661084e+03
   2.3661265e+03
   2.3665243e+03
   2.3665858e+03
   2.3665899e+03
   2.3668184e+03
   2.3671544e+03
   2.3671586e+03
   2.3671640e+03
   2.3673014e+03
   2.3673047e+03
   2.3675435e+03
   2.3675548e+03
   2.3675599e+03
   2.3675655e+03
   2.3675702e+03
   2.3700591e+03
   2.3706754e+03
   2.3706806e+03
   2.3706863e+03
   2.3706922e+03
   2.3709215e+03
   2.3709260e+03
   2.3709522e+03
   2.3709563e+03
   2.3709627e+03
   2.3712654e+03
   2.3715596e+03
   2.3715643e+03
   2.3715698e+03
   2.3716116e+03
   2.3757250e+03
   2.3757306e+03
   2.3757382e+03
   2.3757533e+03
   2.3757776e+03
   2.3757829e+03
   2.3757900e+03
   2.3767377e+03
   2.3777626e+03
   2.3780972e+03
   2.3781017e+03
   2.3781069e+03
   2.3785961e+03
   2.3786003e+03
   2.3793308e+03
   2.3793467e+03
   2.3793508e+03
   2.3793566e+03
   2.3793693e+03
   2.3796287e+03
   2.3796331e+03
   2.3796516e+03
   2.3805465e+03
   2.3805572e+03
   2.3813761e+03
   2.3825274e+03
   2.3825808e+03
   2.3836538e+03
   2.3836616e+03
   2.3837201e+03
   2.3837514e+03
   2.3837560e+03
   2.3841690e+03
   2.3841859e+03
   2.3841903e+03
   2.3866432e+03
   2.3866485e+03
   2.3866574e+03
   2.3866641e+03
   2.3870979e+03
   2.3877049e+03
   2.3921960e+03
   2.3922007e+03
   2.3922064e+03
   2.3922244e+03
   2.3922289e+03
   2.3922353e+03
   2.3923564e+03
   2.3923598e+03
   2.3923646e+03
   2.3927346e+03
   2.3927391e+03
   2.3930439e+03
   2.3930492e+03
   2.3934071e+03
   2.3936606e+03
   2.3936659e+03
   2.3936844e+03
   2.3939688e+03
   2.3943631e+03
   2.3943683e+03
   2.3943796e+03
   2.3944664e+03
   2.3944701e+03
   2.3944759e+03
   2.3944815e+03
   2.3957939e+03
   2.3957967e+03
   2.3957980e+03
   2.3958972e+03
   2.3959016e+03
   2.3959126e+03
   2.3959791e+03
   2.3959827e+03
   2.3994405e+03
   2.3997271e+03
   2.3997319e+03
   2.3997379e+03
   2.3997703e+03
   2.3997742e+03
   2.3998631e+03
   2.3998666e+03
   2.3998721e+03
   2.4002387e+03
   2.4002490e+03
   2.4029698e+03
   2.4029803e+03
   2.4044719e+03
   2.4049052e+03
   2.4049094e+03
   2.4049156e+03
   2.4049217e+03
   2.4049696e+03
   2.4049737e+03
   2.4049829e+03
   2.4049975e+03
   2.4050022e+03
   2.4050164e+03
   2.4051710e+03
   2.4051746e+03
   2.4051800e+03
   2.4058188e+03
   2.4058865e+03
   2.4058912e+03
   2.4062645e+03
   2.4062674e+03
   2.4062747e+03
   2.4066727e+03
   2.4075243e+03
   2.4075288e+03
   2.4075338e+03
   2.4075451e+03
   2.4075504e+03
   2.4108225e+03
   2.4108285e+03
   2.4111476e+03
   2.4115921e+03
   2.4115940e+03
   2.4126210e+03
   2.4126313e+03
   2.4127645e+03
   2.4127688e+03
   2.4129587e+03
   2.4129624e+03
   2.4129672e+03
   2.4129774e+03
   2.4129835e+03
   2.4131502e+03
   2.4131539e+03
   2.4131738e+03
   2.4145749e+03
   2.4145877e+03
   2.4152663e+03
   2.4152738e+03
   2.4152780e+03
   2.4152830e+03
   2.4153734e+03
   2.4155856e+03
   2.4155935e+03
   2.4156746e+03
   2.4160609e+03
   2.4160683e+03
   2.4160931e+03
   2.4163428e+03
   2.4163485e+03
   2.4163529e+03
   2.4163664e+03
   2.4166491e+03
   2.4166573e+03
   2.4166654e+03
   2.4170573e+03
   2.4170622e+03
   2.4170681e+03
   2.4172710e+03
   2.4252229e+03
   2.4252284e+03
   2.4252339e+03
   2.4252390e+03
   2.4254210e+03
   2.4254265e+03
   2.4254916e+03
   2.4254952e+03
   2.4255018e+03
   2.4257320e+03
   2.4258658e+03
   2.4260098e+03
   2.4260141e+03
   2.4279431e+03
   2.4279495e+03
   2.4292720e+03
   2.4292767e+03
   2.4292881e+03
   2.4293996e+03
   2.4294034e+03
   2.4294089e+03
   2.4294187e+03
   2.4294268e+03
   2.4295157e+03
   2.4298024e+03
   2.4298093e+03
   2.4299428e+03
   2.4299477e+03
   2.4302274e+03
   2.4302850e+03
   2.4302892e+03
   2.4302966e+03
   2.4305633e+03
   2.4308616e+03
   2.4308700e+03
   2.4308835e+03
   2.4312178e+03
   2.4315004e+03
   2.4318213e+03
   2.4321048e+03
   2.4321087e+03
   2.4321151e+03
   2.4321230e+03
   2.4322104e+03
   2.4330956e+03
   2.4332760e+03
   2.4332840e+03
   2.4335463e+03
   2.4338942e+03
   2.4339093e+03
   2.4339136e+03
   2.4343899e+03
   2.4343947e+03
   2.4343996e+03
   2.4344054e+03
   2.4344961e+03
   2.4348520e+03
   2.4348792e+03
   2.4348890e+03
   2.4350301e+03
   2.4373075e+03
   2.4373196e+03
   2.4375525e+03
   2.4375571e+03
   2.4375628e+03
   2.4383872e+03
   2.4383955e+03
   2.4384027e+03
   2.4384076e+03
   2.4384181e+03
   2.4387088e+03
   2.4414414e+03
   2.4414469e+03
   2.4414571e+03
   2.4414630e+03
   2.4414699e+03
   2.4414877e+03
   2.4415025e+03
   2.4415130e+03
   2.4419878e+03
   2.4419940e+03
   2.4435341e+03
   2.4437609e+03
   2.4439229e+03
   2.4455543e+03
   2.4456073e+03
   2.4457372e+03
   2.4457415e+03
   2.4457603e+03
   2.4460852e+03
   2.4460958e+03
   2.4467426e+03
   2.4473230e+03
   2.4473291e+03
   2.4473387e+03
   2.4473794e+03
   2.4473832e+03
   2.4554514e+03
   2.4563157e+03
   2.4563205e+03
   2.4563285e+03
   2.4563626e+03
   2.4563669e+03
   2.4593405e+03
   2.4593525e+03
   2.4593617e+03
   2.4593899e+03
   2.4594019e+03
   2.4594099e+03
   2.4594293e+03
   2.4594403e+03
   2.4594527e+03
   2.4608295e+03
   2.4608540e+03
   2.4650706e+03
   2.4654445e+03
   2.4654526e+03
   2.4707043e+03
   2.4711120e+03
   2.4711179e+03
   2.4711232e+03
   2.4711617e+03
   2.4716589e+03
   2.4716640e+03
   2.4716913e+03
   2.4716953e+03
   2.4717010e+03
   2.4726446e+03
   2.4726493e+03
   2.4726547e+03
   2.4726605e+03
   2.4727868e+03
   2.4727915e+03
   2.4727994e+03
   2.4728071e+03
   2.4728127e+03
   2.4778209e+03
   2.4787771e+03
   2.4793523e+03
   2.4793577e+03
   2.4798910e+03
   2.4800205e+03
   2.4800224e+03
   2.4800273e+03
   2.4804296e+03
   2.4807169e+03
   2.4807301e+03
   2.4814669e+03
   2.4814715e+03
   2.4814766e+03
   2.4814814e+03
   2.4829521e+03
   2.4841439e+03
   2.4849256e+03
   2.4852619e+03
   2.4852744e+03
   2.4859453e+03
   2.4859535e+03
   2.4859637e+03
   2.4873483e+03
   2.4873563e+03
   2.4873621e+03
   2.4889692e+03
   2.4889738e+03
   2.4889792e+03
   2.4890155e+03
   2.4890248e+03
   2.4890350e+03
   2.4893680e+03
   2.4893853e+03
   2.4893943e+03
   2.4894231e+03
   2.4894746e+03
   2.4898132e+03
   2.4898192e+03
   2.4909993e+03
   2.4913751e+03
   2.4922077e+03
   2.4922175e+03
   2.5055528e+03
   2.5058213e+03
   2.5058270e+03
   2.5131522e+03
   2.5131601e+03
   2.5132343e+03
   2.5186075e+03
   2.5193745e+03
   2.5197140e+03
   2.5218029e+03
   2.5218181e+03
   2.5223430e+03
   2.5223698e+03
   2.5224822e+03
   2.5224890e+03
   2.5224933e+03
   2.5251446e+03
   2.5258634e+03
   2.5269479e+03
   2.5269530e+03
   2.5270887e+03
   2.5270989e+03
   2.5271213e+03
   2.5271501e+03
   2.5271543e+03
   2.5271599e+03
   2.5287721e+03
   2.5287816e+03
   2.5287865e+03
   2.5288066e+03
   2.5288113e+03
   2.5314278e+03
   2.5327389e+03
   2.5327432e+03
   2.5337114e+03
   2.5337162e+03
   2.5337978e+03
   2.5338071e+03
   2.5338138e+03
   2.5338182e+03
   2.5338222e+03
   2.5342994e+03
   2.5355935e+03
   2.5363009e+03
   2.5363046e+03
   2.5363086e+03
   2.5372791e+03
   2.5386393e+03
   2.5387105e+03
   2.5392992e+03
   2.5393065e+03
   2.5406121e+03
   2.5486610e+03
   2.5490797e+03
   2.5551097e+03
   2.5551183e+03
   2.5559173e+03
   2.5571957e+03
   2.5573034e+03
   2.5574539e+03
   2.5574605e+03
   2.5583049e+03
   2.5583110e+03
   2.5588593e+03
   2.5588681e+03
   2.5588730e+03
   2.5630067e+03
   2.5642336e+03
   2.5642406e+03
   2.5642448e+03
   2.5642494e+03
   2.5642528e+03
   2.5644401e+03
   2.5645202e+03
   2.5673410e+03
   2.5673518e+03
   2.5697814e+03
   2.5700682e+03
   2.5786465e+03
   2.5805968e+03
   2.5815619e+03
   2.5816870e+03
   2.5852803e+03
   2.5852867e+03
   2.5864856e+03
   2.5869183e+03
   2.5882484e+03
   2.5882571e+03
   2.5882682e+03
   2.5882758e+03
   2.5891468e+03
   2.5891674e+03
   2.5892300e+03
   2.5892385e+03
   2.5892635e+03
   2.5892696e+03
   2.5895492e+03
   2.5895556e+03
   2.5895610e+03
   2.5895823e+03
   2.5895887e+03
   2.5911870e+03
   2.5915736e+03
   2.5927981e+03
   2.5928055e+03
   2.5943758e+03
   2.5944701e+03
   2.5945898e+03
   2.5945962e+03
   2.5946198e+03
   2.5946364e+03
   2.5946422e+03
   2.5963679e+03
   2.5963750e+03
   2.5964066e+03
   2.6002911e+03
   2.6003073e+03
   2.6008207e+03
   2.6008293e+03
   2.6008341e+03
   2.6008518e+03
   2.6040787e+03
   2.6041725e+03
   2.6091382e+03
   2.6101732e+03
   2.6102489e+03
   2.6112332e+03
   2.6161200e+03
   2.6161311e+03
   2.6161424e+03
   2.6181024e+03
   2.6187380e+03
   2.6236829e+03
   2.6239682e+03
   2.6256236e+03
   2.6256333e+03
   2.6256411e+03
   2.6256465e+03
   2.6257978e+03
   2.6258124e+03
   2.6278838e+03
   2.6279123e+03
   2.6279185e+03
   2.6280714e+03
   2.6280948e+03
   2.6281185e+03
   2.6281306e+03
   2.6285629e+03
   2.6325824e+03
   2.6396149e+03
   2.6518076e+03
   2.6525181e+03
   2.6525312e+03
   2.6538587e+03
   2.6554992e+03
   2.6560894e+03
   2.6581194e+03
   2.6609692e+03
   2.6610118e+03
   2.6616977e+03
   2.6617032e+03
   2.6639656e+03
   2.6640012e+03
   2.6642809e+03
   2.6654222e+03
   2.6654530e+03
   2.6685016e+03
   2.6695947e+03
   2.6741758e+03
   2.6754884e+03
   2.6758214e+03
   2.6765183e+03
   2.6773654e+03
   2.6782635e+03
   2.6832167e+03
   2.7004563e+03
   2.7045091e+03
   2.7066324e+03
   2.7079522e+03
   2.7082899e+03
   2.7089450e+03
   2.7091978e+03
   2.7092055e+03
   2.7096041e+03
   2.7096108e+03
   2.7096184e+03
   2.7149210e+03
   2.7149358e+03
   2.7160553e+03
   2.7160659e+03
   2.7160731e+03
   2.7170933e+03
   2.7175932e+03
   2.7175987e+03
   2.7181555e+03
   2.7181606e+03
   2.7197249e+03
   2.7197293e+03
   2.7199355e+03
   2.7213309e+03
   2.7232230e+03
   2.7252429e+03
   2.7252486e+03
   2.7294466e+03
   2.7294525e+03
   2.7294699e+03
   2.7301334e+03
   2.7302991e+03
   2.7324385e+03
   2.7339085e+03
   2.7352546e+03
   2.7354078e+03
   2.7355733e+03
   2.7355849e+03
   2.7357021e+03
   2.7374164e+03
   2.7374375e+03
   2.7374466e+03
   2.7374513e+03
   2.7374631e+03
   2.7376111e+03
   2.7463801e+03
   2.7499315e+03
   2.7500748e+03
   2.7500804e+03
   2.7553446e+03
   2.7557112e+03
   2.7558622e+03
   2.7567820e+03
   2.7570925e+03
   2.7574254e+03
   2.7574328e+03
   2.7600665e+03
   2.7619910e+03
   2.7620145e+03
   2.7620204e+03
   2.7646438e+03
   2.7646527e+03
   2.7646574e+03
   2.7654204e+03
   2.7654338e+03
   2.7856673e+03
   2.7894329e+03
   2.7894700e+03
   2.7899724e+03
   2.7902693e+03
   2.7903908e+03
   2.7904229e+03
   2.7904347e+03
   2.7936498e+03
   2.8031708e+03
   2.8031819e+03
   2.8048939e+03
   2.8083756e+03
   2.8084210e+03
   2.8125598e+03
   2.8130088e+03
   2.8132573e+03
   2.8132828e+03
   2.8151167e+03
   2.8190050e+03
   2.8192558e+03
   2.8198383e+03
   2.8264945e+03
   2.8267054e+03
   2.8269275e+03
   2.8280486e+03
   2.8280551e+03
   2.8282928e+03
   2.8285319e+03
   2.8295997e+03
   2.8311269e+03
   2.8329601e+03
   2.8333505e+03
   2.8333586e+03
   2.8346315e+03
   2.8358227e+03
   2.8358312e+03
   2.8358689e+03
   2.8457330e+03
   2.8471683e+03
   2.8471747e+03
   2.8478027e+03
   2.8482645e+03
   2.8500757e+03
   2.8576791e+03
   2.8609165e+03
   2.8609450e+03
   2.8609966e+03
   2.8650073e+03
   2.8667031e+03
   2.8704194e+03
   2.8707208e+03
   2.8707271e+03
   2.8715636e+03
   2.8715701e+03
   2.8715747e+03
   2.8715785e+03
   2.8715822e+03
   2.8717587e+03
   2.8717627e+03
   2.8717671e+03
   2.8717729e+03
   2.8717797e+03
   2.8746406e+03
   2.8776468e+03
   2.8784244e+03
   2.8784988e+03
   2.8785067e+03
   2.8785143e+03
   2.8785220e+03
   2.8791397e+03
   2.8802811e+03
   2.8881532e+03
   2.8887581e+03
   2.8890219e+03
   2.8900299e+03
   2.8908839e+03
   2.8908895e+03
   2.8913480e+03
   2.8914982e+03
   2.8945786e+03
   2.8965636e+03
   2.8970006e+03
   2.8970053e+03
   2.8970104e+03
   2.8970684e+03
   2.8987474e+03
   2.9119442e+03
   2.9119496e+03
   2.9148220e+03
   2.9148908e+03
   2.9196629e+03
   2.9199123e+03
   2.9199174e+03
   2.9199228e+03
   2.9199282e+03
   2.9200379e+03
   2.9224379e+03
   2.9229462e+03
   2.9274739e+03
   2.9280397e+03
   2.9280459e+03
   2.9280513e+03
   2.9293273e+03
   2.9447939e+03
   2.9451793e+03
   2.9453043e+03
   2.9457755e+03
   2.9461435e+03
   2.9468113e+03
   2.9468611e+03
   2.9534952e+03
   2.9585421e+03
   2.9591078e+03
   2.9596407e+03
   2.9596447e+03
   2.9598020e+03
   2.9598073e+03
   2.9598464e+03
   2.9609305e+03
   2.9609728e+03
   2.9614969e+03
   2.9628702e+03
   2.9628773e+03
   2.9629233e+03
   2.9666877e+03
   2.9678144e+03
   2.9678220e+03
   2.9683569e+03
   2.9683615e+03
   2.9696558e+03
   2.9821870e+03
   2.9822459e+03
   2.9825061e+03
   2.9827032e+03
   2.9854961e+03
   2.9897740e+03
   2.9917712e+03
   2.9923781e+03
   2.9923908e+03
   2.9930257e+03
   2.9932644e+03
   2.9932694e+03
   2.9942536e+03
   2.9942606e+03
   2.9942657e+03
   2.9946238e+03
   3.0038213e+03
   3.0041298e+03
   3.0087907e+03
   3.0114485e+03
   3.0133030e+03
   3.0133151e+03
   3.0135564e+03
   3.0135651e+03
   3.0139837e+03
   3.0176085e+03
   3.0214847e+03
   3.0220234e+03
   3.0222217e+03
   3.0224859e+03
   3.0246256e+03
   3.0246409e+03
   3.0266433e+03
   3.0290124e+03
   3.0290167e+03
   3.0294451e+03
   3.0324175e+03
   3.0324225e+03
   3.0342195e+03
   3.0352191e+03
   3.0358498e+03
   3.0358622e+03
   3.0361181e+03
   3.0362247e+03
   3.0363767e+03
   3.0441556e+03
   3.0441808e+03
   3.0441873e+03
   3.0442016e+03
   3.0442379e+03
   3.0442570e+03
   3.0454641e+03
   3.0484727e+03
   3.0511370e+03
   3.0511457e+03
   3.0511516e+03
   3.0516088e+03
   3.0529196e+03
   3.0548217e+03
   3.0619807e+03
   3.0629478e+03
   3.0644654e+03
   3.0646041e+03
   3.0646136e+03
   3.0646175e+03
   3.0646233e+03
   3.0646272e+03
   3.0650385e+03
   3.0666042e+03
   3.0667117e+03
   3.0676266e+03
   3.0678980e+03
   3.0690251e+03
   3.0690315e+03
   3.0690363e+03
   3.0715520e+03
   3.0720258e+03
   3.0720568e+03
   3.0725116e+03
   3.0725918e+03
   3.0726053e+03
   3.0726940e+03
   3.0752820e+03
   3.0756280e+03
   3.0819102e+03
   3.0819266e+03
   3.0841301e+03
   3.0848055e+03
   3.0848179e+03
   3.0866591e+03
   3.0866719e+03
   3.0872410e+03
   3.0872487e+03
   3.0872528e+03
   3.0887631e+03
   3.0889815e+03
   3.0889855e+03
   3.0948283e+03
   3.0956631e+03
   3.0961087e+03
   3.0981417e+03
   3.0981952e+03
   3.0985446e+03
   3.0990044e+03
   3.1004775e+03
   3.1014256e+03
   3.1043720e+03
   3.1069732e+03
   3.1075073e+03
   3.1075144e+03
   3.1075181e+03
   3.1089110e+03
   3.1092417e+03
   3.1092526e+03
   3.1104951e+03
   3.1107175e+03
   3.1113368e+03
   3.1113548e+03
   3.1146010e+03
   3.1211055e+03
   3.1231284e+03
   3.1231409e+03
   3.1252999e+03
   3.1253718e+03
   3.1253763e+03
   3.1259035e+03
   3.1352939e+03
   3.1396386e+03
   3.1600064e+03
   3.1628186e+03
   3.1636930e+03
   3.1636949e+03
   3.1669212e+03
   3.1731174e+03
   3.1756791e+03
   3.1756909e+03
   3.1764741e+03
   3.1791675e+03
   3.1814361e+03
   3.1819991e+03
   3.1824637e+03
   3.1825631e+03
   3.1836322e+03
   3.1846021e+03
   3.1862879e+03
   3.1922279e+03
   3.1934092e+03
   3.1941717e+03
   3.1990291e+03
   3.1991626e+03
   3.2040423e+03
   3.2040481e+03
   3.2044020e+03
   3.2050692e+03
   3.2066957e+03
   3.2078578e+03
   3.2079998e+03
   3.2080072e+03
   3.2080402e+03
   3.2081480e+03
   3.2086796e+03
   3.2086927e+03
   3.2098499e+03
   3.2107212e+03
   3.2147189e+03
   3.2242468e+03
   3.2242533e+03
   3.2243969e+03
   3.2244057e+03
   3.2252337e+03
   3.2252401e+03
   3.2259208e+03
   3.2259274e+03
   3.2259318e+03
   3.2260220e+03
   3.2289417e+03
   3.2314585e+03
   3.2346486e+03
   3.2346594e+03
   3.2351797e+03
   3.2359191e+03
   3.2427629e+03
   3.2433569e+03
   3.2433894e+03
   3.2438600e+03
   3.2438662e+03
   3.2438710e+03
   3.2459631e+03
   3.2460393e+03
   3.2468882e+03
   3.2485665e+03
   3.2485740e+03
   3.2485831e+03
   3.2504027e+03
   3.2504077e+03
   3.2504154e+03
   3.2582724e+03
   3.2615881e+03
   3.2615949e+03
   3.2642137e+03
   3.2646353e+03
   3.2650743e+03
   3.2650831e+03
   3.2662865e+03
   3.2669620e+03
   3.2669754e+03
   3.2677033e+03
   3.2677089e+03
   3.2678649e+03
   3.2725579e+03
   3.2735626e+03
   3.2747197e+03
   3.2748160e+03
   3.2827734e+03
   3.2827779e+03
   3.2827993e+03
   3.2828050e+03
   3.2880448e+03
   3.2880526e+03
   3.2889799e+03
   3.2906571e+03
   3.3035063e+03
   3.3127155e+03
   3.3128849e+03
   3.3132124e+03
   3.3132285e+03
   3.3222803e+03
   3.3222860e+03
   3.3229422e+03
   3.3234252e+03
   3.3235761e+03
   3.3236527e+03
   3.3267150e+03
   3.3267229e+03
   3.3308556e+03
   3.3308728e+03
   3.3309777e+03
   3.3312029e+03
   3.3312112e+03
   3.3312152e+03
   3.3312360e+03
   3.3317500e+03
   3.3344411e+03
   3.3344501e+03
   3.3345098e+03
   3.3345166e+03
   3.3345921e+03
   3.3345953e+03
   3.3345987e+03
   3.3346026e+03
   3.3346467e+03
   3.3347687e+03
   3.3359777e+03
   3.3359865e+03
   3.3361266e+03
   3.3402226e+03
   3.3402397e+03
   3.3402669e+03
   3.3412441e+03
   3.3412489e+03
   3.3412529e+03
   3.3412578e+03
   3.3415058e+03
   3.3444909e+03
   3.3455499e+03
   3.3486239e+03
   3.3587643e+03
   3.3631869e+03
   3.3633200e+03
   3.3647830e+03
   3.3647888e+03
   3.3662328e+03
   3.3666156e+03
   3.3666203e+03
   3.3669290e+03
   3.3690775e+03
   3.3701778e+03
   3.3703155e+03
   3.3703311e+03
   3.3733633e+03
   3.3735078e+03
   3.3735338e+03
   3.3735385e+03
   3.3749662e+03
   3.3749715e+03
   3.3752820e+03
   3.3763187e+03
   3.3766725e+03
   3.3791550e+03
   3.3797063e+03
   3.3797332e+03
   3.3797432e+03
   3.3799396e+03
   3.3799441e+03
   3.3802422e+03
   3.3802533e+03
   3.3805498e+03
   3.3812916e+03
   3.3812983e+03
   3.3813031e+03
   3.3813147e+03
   3.3813382e+03
   3.3837054e+03
   3.3843698e+03
   3.3878647e+03
   3.3882570e+03
   3.3882696e+03
   3.3995066e+03
   3.4073005e+03
   3.4090088e+03
   3.4093782e+03
   3.4099475e+03
   3.4110285e+03
   3.4117721e+03
   3.4117828e+03
   3.4136221e+03
   3.4136949e+03
   3.4137104e+03
   3.4145098e+03
   3.4191453e+03
   3.4194910e+03
   3.4212464e+03
   3.4217152e+03
   3.4236599e+03
   3.4237508e+03
   3.4237554e+03
   3.4239363e+03
   3.4239516e+03
   3.4241832e+03
   3.4244747e+03
   3.4245814e+03
   3.4246450e+03
   3.4248061e+03
   3.4248693e+03
   3.4267999e+03
   3.4273812e+03
   3.4282018e+03
   3.4283970e+03
   3.4320905e+03
   3.4403177e+03
   3.4403241e+03
   3.4403287e+03
   3.4405723e+03
   3.4405897e+03
   3.4406214e+03
   3.4408271e+03
   3.4412057e+03
   3.4425391e+03
   3.4425442e+03
   3.4427324e+03
   3.4427391e+03
   3.4427442e+03
   3.4453422e+03
   3.4453702e+03
   3.4456504e+03
   3.4459427e+03
   3.4459542e+03
   3.4459599e+03
   3.4459637e+03
   3.4459681e+03
   3.4466900e+03
   3.4518348e+03
   3.4559122e+03
   3.4559196e+03
   3.4559248e+03
   3.4559297e+03
   3.4674536e+03
   3.4676724e+03
   3.4676743e+03
   3.4677184e+03
   3.4736277e+03
   3.4736321e+03
   3.4831087e+03
   3.4831475e+03
   3.4841342e+03
   3.4841399e+03
   3.4851242e+03
   3.4861303e+03
   3.4867809e+03
   3.4883449e+03
   3.4883849e+03
   3.4912521e+03
   3.4915219e+03
   3.4938765e+03
   3.4938815e+03
   3.4944483e+03
   3.4947535e+03
   3.4951475e+03
   3.4960587e+03
   3.4963023e+03
   3.4963078e+03
   3.4965593e+03
   3.4977471e+03
   3.4979049e+03
   3.4980494e+03
   3.5118132e+03
   3.5142155e+03
   3.5142364e+03
   3.5145308e+03
   3.5206300e+03
   3.5206465e+03
   3.5277874e+03
   3.5282826e+03
   3.5288429e+03
   3.5288646e+03
   3.5289043e+03
   3.5294009e+03
   3.5301448e+03
   3.5314673e+03
   3.5324563e+03
   3.5324880e+03
   3.5326331e+03
   3.5326398e+03
   3.5341935e+03
   3.5346939e+03
   3.5347247e+03
   3.5361436e+03
   3.5398907e+03
   3.5412218e+03
   3.5412327e+03
   3.5421544e+03
   3.5490954e+03
   3.5630657e+03
   3.5663740e+03
   3.5666714e+03
   3.5681842e+03
   3.5681933e+03
   3.5682008e+03
   3.5712340e+03
   3.5715007e+03
   3.5721433e+03
   3.5722264e+03
   3.5727901e+03
   3.5728529e+03
   3.5780565e+03
   3.5846335e+03
   3.5857858e+03
   3.5886776e+03
   3.5895028e+03
   3.5969082e+03
   3.5979321e+03
   3.5983512e+03
   3.6005247e+03
   3.6008671e+03
   3.6023406e+03
   3.6023498e+03
   3.6031330e+03
   3.6041313e+03
   3.6041502e+03
   3.6041873e+03
   3.6048011e+03
   3.6051901e+03
   3.6054887e+03
   3.6056075e+03
   3.6056151e+03
   3.6068235e+03
   3.6071529e+03
   3.6081514e+03
   3.6088538e+03
   3.6105459e+03
   3.6105562e+03
   3.6112783e+03
   3.6121267e+03
   3.6133091e+03
   3.6136252e+03
   3.6153138e+03
   3.6155145e+03
   3.6158115e+03
   3.6170866e+03
   3.6170929e+03
   3.6177235e+03
   3.6177318e+03
   3.6186505e+03
   3.6187245e+03
   3.6187296e+03
   3.6211074e+03
   3.6211153e+03
   3.6234007e+03
   3.6245464e+03
   3.6245549e+03
   3.6246593e+03
   3.6276246e+03
   3.6276390e+03
   3.6278109e+03
   3.6304196e+03
   3.6316210e+03
   3.6335869e+03
   3.6355383e+03
   3.6356979e+03
   3.6379622e+03
   3.6382581e+03
   3.6493291e+03
   3.6526244e+03
   3.6605592e+03
   3.6722549e+03
   3.6723037e+03
   3.6754330e+03
   3.6754506e+03
   3.6754958e+03
   3.6756255e+03
   3.6783300e+03
   3.6952163e+03
   3.6952575e+03
   3.6952657e+03
   3.6956257e+03
   3.6959965e+03
   3.6971523e+03
   3.6997600e+03
   3.6997693e+03
   3.7016862e+03
   3.7021057e+03
   3.7024367e+03
   3.7024436e+03
   3.7024593e+03
   3.7030060e+03
   3.7030269e+03
   3.7039237e+03
   3.7039300e+03
   3.7056590e+03
   3.7066325e+03
   3.7083571e+03
   3.7083803e+03
   3.7084951e+03
   3.7087215e+03
   3.7089970e+03
   3.7090074e+03
   3.7090724e+03
   3.7090885e+03
   3.7101135e+03
   3.7101193e+03
   3.7128008e+03
   3.7148466e+03
   3.7152532e+03
   3.7153946e+03
   3.7157884e+03
   3.7157942e+03
   3.7161936e+03
   3.7167157e+03
   3.7173735e+03
   3.7175078e+03
   3.7175169e+03
   3.7180728e+03
   3.7180802e+03
   3.7194520e+03
   3.7194584e+03
   3.7212113e+03
   3.7272722e+03
   3.7272857e+03
   3.7323337e+03
   3.7324344e+03
   3.7354354e+03
   3.7364626e+03
   3.7371028e+03
   3.7377205e+03
   3.7377258e+03
   3.7380041e+03
   3.7387932e+03
   3.7387997e+03
   3.7388052e+03
   3.7391188e+03
   3.7391270e+03
   3.7404073e+03
   3.7404136e+03
   3.7416383e+03
   3.7459608e+03
   3.7507712e+03
   3.7549297e+03
   3.7560174e+03
   3.7560830e+03
   3.7560916e+03
   3.7561014e+03
   3.7561068e+03
   3.7602218e+03
   3.7603121e+03
   3.7603185e+03
   3.7603248e+03
   3.7603288e+03
   3.7605394e+03
   3.7606291e+03
   3.7623067e+03
   3.7623901e+03
   3.7634284e+03
   3.7641733e+03
   3.7641791e+03
   3.7641838e+03
   3.7644852e+03
   3.7656318e+03
   3.7662527e+03
   3.7676265e+03
   3.7723880e+03
   3.7746556e+03
   3.7750858e+03
   3.7751113e+03
   3.7751191e+03
   3.7754643e+03
   3.7754770e+03
   3.7768647e+03
   3.7786972e+03
   3.7787030e+03
   3.7787096e+03
   3.7809388e+03
   3.7828331e+03
   3.7847343e+03
   3.7870581e+03
   3.7870801e+03
   3.7870903e+03
   3.7870945e+03
   3.7918293e+03
   3.7943498e+03
   3.7943560e+03
   3.7955646e+03
   3.8002736e+03
   3.8041230e+03
   3.8047573e+03
   3.8048654e+03
   3.8048747e+03
   3.8049353e+03
   3.8055222e+03
   3.8089870e+03
   3.8142863e+03
   3.8157451e+03
   3.8178075e+03
   3.8178635e+03
   3.8189972e+03
   3.8190194e+03
   3.8202617e+03
   3.8236591e+03
   3.8257120e+03
   3.8287384e+03
   3.8287437e+03
   3.8287486e+03
   3.8287524e+03
   3.8291334e+03
   3.8291410e+03
   3.8291516e+03
   3.8304486e+03
   3.8304542e+03
   3.8304589e+03
   3.8513263e+03
   3.8513407e+03
   3.8513469e+03
   3.8564143e+03
   3.8613731e+03
   3.8647000e+03
   3.8661904e+03
   3.8681242e+03
   3.8703503e+03
   3.8708619e+03
   3.8758106e+03
   3.8758310e+03
   3.8758396e+03
   3.8774107e+03
   3.8774288e+03
   3.8777402e+03
   3.8777628e+03
   3.8786551e+03
   3.8882883e+03
   3.8882946e+03
   3.8920784e+03
   3.8921744e+03
   3.9069806e+03
   3.9072982e+03
   3.9102905e+03
   3.9103005e+03
   3.9108281e+03
   3.9138972e+03
   3.9153340e+03
   3.9172568e+03
   3.9173766e+03
   3.9190495e+03
   3.9196738e+03
   3.9200066e+03
   3.9203910e+03
   3.9209566e+03
   3.9240410e+03
   3.9253935e+03
   3.9256053e+03
   3.9256107e+03
   3.9256153e+03
   3.9260752e+03
   3.9424780e+03
   3.9447373e+03
   3.9447419e+03
   3.9506440e+03
   3.9508258e+03
   3.9508304e+03
   3.9508353e+03
   3.9525140e+03
   3.9525718e+03
   3.9525791e+03
   3.9563337e+03
   3.9563789e+03
   3.9570160e+03
   3.9575355e+03
   3.9590147e+03
   3.9590336e+03
   3.9593324e+03
   3.9593375e+03
   3.9594644e+03
   3.9599803e+03
   3.9609630e+03
   3.9618317e+03
   3.9621070e+03
   3.9625396e+03
   3.9800249e+03
   3.9801690e+03
   3.9801775e+03
   3.9801865e+03
   3.9801920e+03
   3.9814247e+03
   3.9837822e+03
   3.9839000e+03
   3.9839015e+03
   3.9860151e+03
   3.9864154e+03
   3.9865722e+03
   3.9901893e+03
   3.9903035e+03
   3.9910276e+03
   3.9910337e+03
   3.9910377e+03
   3.9910414e+03
   3.9918792e+03
   3.9919411e+03
   3.9929982e+03
   3.9930094e+03
   3.9931403e+03
   3.9946191e+03
   3.9946234e+03
   3.9946479e+03
   3.9949499e+03
   3.9952814e+03
   3.9956287e+03
   3.9956335e+03
   4.0029358e+03
   4.0029590e+03
   4.0030634e+03
   4.0037838e+03
   4.0058174e+03
   4.0067319e+03
   4.0067465e+03
   4.0068284e+03
   4.0068494e+03
   4.0138381e+03
   4.0139032e+03
   4.0139168e+03
   4.0139309e+03
   4.0139361e+03
   4.0142419e+03
   4.0144038e+03
   4.0169391e+03
   4.0203845e+03
   4.0215063e+03
   4.0232687e+03
   4.0232802e+03
   4.0256522e+03
   4.0275781e+03
   4.0275897e+03
   4.0350808e+03
   4.0389491e+03
   4.0390798e+03
   4.0390860e+03
   4.0391486e+03
   4.0391537e+03
   4.0395535e+03
   4.0417516e+03
   4.0427134e+03
   4.0429468e+03
   4.0430270e+03
   4.0491115e+03
   4.0523784e+03
   4.0523869e+03
   4.0525185e+03
   4.0531724e+03
   4.0557125e+03
   4.0558693e+03
   4.0560146e+03
   4.0560284e+03
   4.0566832e+03
   4.0566903e+03
   4.0567199e+03
   4.0567262e+03
   4.0567312e+03
   4.0569843e+03
   4.0573944e+03
   4.0576783e+03
   4.0578347e+03
   4.0586382e+03
   4.0586463e+03
   4.0587382e+03
   4.0587450e+03
   4.0602398e+03
   4.0602483e+03
   4.0624012e+03
   4.0657238e+03
   4.0657479e+03
   4.0657810e+03
   4.0720664e+03
   4.0720794e+03
   4.0720861e+03
   4.0720914e+03
   4.0776474e+03
   4.0816117e+03
   4.0822248e+03
   4.0827177e+03
   4.0827427e+03
   4.0832024e+03
   4.0835244e+03
   4.0835570e+03
   4.0854086e+03
   4.0854312e+03
   4.0854350e+03
   4.0854417e+03
   4.0854622e+03
   4.0885922e+03
   4.0886189e+03
   4.0886240e+03
   4.0886386e+03
   4.0921391e+03
   4.0921501e+03
   4.0921747e+03
   4.0950653e+03
   4.0950750e+03
   4.0970576e+03
   4.0974960e+03
   4.0987319e+03
   4.1039921e+03
   4.1039998e+03
   4.1043364e+03
   4.1071111e+03
   4.1072299e+03
   4.1072393e+03
   4.1072437e+03
   4.1072477e+03
   4.1072517e+03
   4.1075877e+03
   4.1078233e+03
   4.1094482e+03
   4.1112388e+03
   4.1113089e+03
   4.1140324e+03
   4.1197460e+03
   4.1227398e+03
   4.1227463e+03
   4.1229027e+03
   4.1229163e+03
   4.1229330e+03
   4.1233115e+03
   4.1235066e+03
   4.1256471e+03
   4.1256805e+03
   4.1260802e+03
   4.1363886e+03
   4.1368366e+03
   4.1375417e+03
   4.1375623e+03
   4.1379627e+03
   4.1379686e+03
   4.1379783e+03
   4.1398161e+03
   4.1448628e+03
   4.1456294e+03
   4.1457992e+03
   4.1458435e+03
   4.1497714e+03
   4.1508809e+03
   4.1519621e+03
   4.1529898e+03
   4.1581792e+03
   4.1596863e+03
   4.1612048e+03
   4.1612109e+03
   4.1614323e+03
   4.1616456e+03
   4.1630458e+03
   4.1637210e+03
   4.1641039e+03
   4.1641141e+03
   4.1671567e+03
   4.1671614e+03
   4.1672934e+03
   4.1725622e+03
   4.1725722e+03
   4.1739776e+03
   4.1739835e+03
   4.1739896e+03
   4.1752288e+03
   4.1753394e+03
   4.1754169e+03
   4.1754214e+03
   4.1761485e+03
   4.1773493e+03
   4.1774382e+03
   4.1786461e+03
   4.1800992e+03
   4.1801205e+03
   4.1807865e+03
   4.1807921e+03
   4.1807969e+03
   4.1811483e+03
   4.1816654e+03
   4.1817168e+03
   4.1823693e+03
   4.1824536e+03
   4.1873387e+03
   4.1965399e+03
   4.1975849e+03
   4.1975916e+03
   4.1998775e+03
   4.2003939e+03
   4.2008634e+03
   4.2008693e+03
   4.2008734e+03
   4.2008785e+03
   4.2027223e+03
   4.2027270e+03
   4.2031253e+03
   4.2047416e+03
   4.2050639e+03
   4.2059538e+03
   4.2069448e+03
   4.2070094e+03
   4.2172229e+03
   4.2183939e+03
   4.2184479e+03
   4.2217219e+03
   4.2217321e+03
   4.2222547e+03
   4.2230015e+03
   4.2254360e+03
   4.2254436e+03
   4.2266711e+03
   4.2269222e+03
   4.2271191e+03
   4.2271254e+03
   4.2271515e+03
   4.2272595e+03
   4.2273800e+03
   4.2273846e+03
   4.2276418e+03
   4.2276465e+03
   4.2277193e+03
   4.2277276e+03
   4.2277337e+03
   4.2283662e+03
   4.2321744e+03
   4.2337371e+03
   4.2367763e+03
   4.2374981e+03
   4.2380232e+03
   4.2383442e+03
   4.2385719e+03
   4.2385772e+03
   4.2385827e+03
   4.2397484e+03
   4.2397541e+03
   4.2397845e+03
   4.2456753e+03
   4.2456801e+03
   4.2499051e+03
   4.2513587e+03
   4.2513617e+03
   4.2547994e+03
   4.2589699e+03
   4.2589998e+03
   4.2591788e+03
   4.2591855e+03
   4.2591955e+03
   4.2606692e+03
   4.2611268e+03
   4.2611432e+03
   4.2616057e+03
   4.2620139e+03
   4.2720372e+03
   4.2757144e+03
   4.3307364e+03
   4.3393824e+03
   4.3393952e+03
   4.3394001e+03
   4.3466753e+03
   4.3554527e+03
   4.3554934e+03
   4.3592856e+03
   4.3611336e+03
   4.3611401e+03
   4.3638512e+03
   4.3638564e+03
   4.3825797e+03
   4.3837427e+03
   4.3840855e+03
   4.3871050e+03
   4.3875930e+03
   4.3886216e+03
   4.3886350e+03
   4.3886390e+03
   4.3886437e+03
   4.3886489e+03
   4.3905419e+03
   4.3905492e+03
   4.3906499e+03
   4.3924800e+03
   4.3931280e+03
   4.3931434e+03
   4.3961577e+03
   4.3973638e+03
   4.3973724e+03
   4.3976115e+03
   4.3976134e+03
   4.3976191e+03
   4.3976219e+03
   4.3987562e+03
   4.3990937e+03
   4.3993129e+03
   4.4005644e+03
   4.4005706e+03
   4.4009110e+03
   4.4045182e+03
   4.4073527e+03
   4.4076845e+03
   4.4079905e+03
   4.4079957e+03
   4.4085352e+03
   4.4089143e+03
   4.4104246e+03
   4.4104263e+03
   4.4105582e+03
   4.4107240e+03
   4.4114119e+03
   4.4115376e+03
   4.4139738e+03
   4.4153879e+03
   4.4199229e+03
   4.4231232e+03
   4.4269261e+03
   4.4310098e+03
   4.4325941e+03
   4.4333381e+03
   4.4337640e+03
   4.4337832e+03
   4.4341851e+03
   4.4354210e+03
   4.4356191e+03
   4.4356274e+03
   4.4358699e+03
   4.4375970e+03
   4.4376269e+03
   4.4397607e+03
   4.4402743e+03
   4.4418292e+03
   4.4421115e+03
   4.4449073e+03
   4.4453852e+03
   4.4455393e+03
   4.4458716e+03
   4.4460517e+03
   4.4465271e+03
   4.4471089e+03
   4.4472615e+03
   4.4472688e+03
   4.4473369e+03
   4.4475638e+03
   4.4485087e+03
   4.4517050e+03
   4.4525836e+03
   4.4530036e+03
   4.4536732e+03
   4.4543632e+03
   4.4546223e+03
   4.4548322e+03
   4.4555106e+03
   4.4586681e+03
   4.4595292e+03
   4.4596576e+03
   4.4607765e+03
   4.4622996e+03
   4.4623070e+03
   4.4626612e+03
   4.4644559e+03
   4.4654256e+03
   4.4654622e+03
   4.4670353e+03
   4.4670937e+03
   4.4671082e+03
   4.4709435e+03
   4.4728516e+03
   4.4748599e+03
   4.4748947e+03
   4.4754288e+03
   4.4764355e+03
   4.4771110e+03
   4.4773889e+03
   4.4774124e+03
   4.4775890e+03
   4.4775963e+03
   4.4790588e+03
   4.4844591e+03
   4.4868753e+03
   4.4901202e+03
   4.4903441e+03
   4.4905060e+03
   4.4908321e+03
   4.4908381e+03
   4.4908426e+03
   4.4908483e+03
   4.4908825e+03
   4.4925141e+03
   4.4931304e+03
   4.4936208e+03
   4.4937436e+03
   4.4963101e+03
   4.4990944e+03
   4.5005212e+03
   4.5007665e+03
   4.5011790e+03
   4.5016358e+03
   4.5016724e+03
   4.5017100e+03
   4.5019369e+03
   4.5029164e+03
   4.5041890e+03
   4.5074954e+03
   4.5075022e+03
   4.5075668e+03
   4.5078247e+03
   4.5078336e+03
   4.5078564e+03
   4.5078642e+03
   4.5078814e+03
   4.5078903e+03
   4.5080768e+03
   4.5128360e+03
   4.5136652e+03
   4.5152862e+03
   4.5156613e+03
   4.5166282e+03
   4.5178140e+03
   4.5178268e+03
   4.5178316e+03
   4.5180173e+03
   4.5184453e+03
   4.5189017e+03
   4.5189144e+03
   4.5201290e+03
   4.5202678e+03
   4.5202721e+03
   4.5202767e+03
   4.5240476e+03
   4.5249003e+03
   4.5316353e+03
   4.5327178e+03
   4.5382516e+03
   4.5390380e+03
   4.5406923e+03
   4.5406975e+03
   4.5407032e+03
   4.5407096e+03
   4.5407389e+03
   4.5408011e+03
   4.5408147e+03
   4.5408373e+03
   4.5408519e+03
   4.5413713e+03
   4.5414821e+03
   4.5414932e+03
   4.5415026e+03
   4.5415121e+03
   4.5471562e+03
   4.5519630e+03
   4.5545463e+03
   4.5580704e+03
   4.5597895e+03
   4.5641688e+03
   4.5645689e+03
   4.5647032e+03
   4.5662909e+03
   4.5665082e+03
   4.5665234e+03
   4.5666188e+03
   4.5666282e+03
   4.5677444e+03
   4.5677691e+03
   4.5695116e+03
   4.5695387e+03
   4.5695461e+03
   4.5712957e+03
   4.5713379e+03
   4.5714414e+03
   4.5757963e+03
   4.5801060e+03
   4.5801118e+03
   4.5803208e+03
   4.5811908e+03
   4.5811982e+03
   4.5812041e+03
   4.5821279e+03
   4.5826170e+03
   4.5840463e+03
   4.5872553e+03
   4.5888573e+03
   4.5903183e+03
   4.5903443e+03
   4.5915834e+03
   4.5920270e+03
   4.5920289e+03
   4.5920331e+03
   4.5925443e+03
   4.5925485e+03
   4.5925536e+03
   4.5939412e+03
   4.5967067e+03
   4.5975068e+03
   4.5978607e+03
   4.5980304e+03
   4.6012720e+03
   4.6016152e+03
   4.6032184e+03
   4.6032227e+03
   4.6036643e+03
   4.6036782e+03
   4.6059631e+03
   4.6062907e+03
   4.6067649e+03
   4.6067779e+03
   4.6067940e+03
   4.6073583e+03
   4.6092441e+03
   4.6105958e+03
   4.6108080e+03
   4.6121911e+03
   4.6122295e+03
   4.6156933e+03
   4.6157682e+03
   4.6177008e+03
   4.6183698e+03
   4.6190971e+03
   4.6212523e+03
   4.6212588e+03
   4.6212626e+03
   4.6212669e+03
   4.6213390e+03
   4.6216213e+03
   4.6216269e+03
   4.6216387e+03
   4.6301328e+03
   4.6303381e+03
   4.6303452e+03
   4.6303534e+03
   4.6319050e+03
   4.6332424e+03
   4.6370388e+03
   4.6446213e+03
   4.6446326e+03
   4.6450167e+03
   4.6450751e+03
   4.6451019e+03
   4.6470557e+03
   4.6473073e+03
   4.6474485e+03
   4.6480461e+03
   4.6480528e+03
   4.6480575e+03
   4.6503680e+03
   4.6507953e+03
   4.6513893e+03
   4.6517480e+03
   4.6519793e+03
   4.6519905e+03
   4.6526121e+03
   4.6548921e+03
   4.6549009e+03
   4.6549056e+03
   4.6553556e+03
   4.6553633e+03
   4.6578234e+03
   4.6587235e+03
   4.6634205e+03
   4.6634253e+03
   4.6639817e+03
   4.6685959e+03
   4.6686010e+03
   4.6969869e+03
   4.6969915e+03
   4.6970227e+03
   4.6970468e+03
   4.6970618e+03
   4.6970783e+03
   4.6970843e+03
   4.6971584e+03
   4.6973191e+03
   4.6973287e+03
   4.6974528e+03
   4.6975824e+03
   4.7008676e+03
   4.7008719e+03
   4.7008809e+03
   4.7011136e+03
   4.7013710e+03
   4.7023505e+03
   4.7073162e+03
   4.7120944e+03
   4.7604052e+03
   4.7606076e+03
   4.7606138e+03
   4.7639096e+03
   4.7652714e+03
   4.7685944e+03
   4.7686053e+03
   4.7687020e+03
   4.7687295e+03
   4.7688852e+03
   4.7800650e+03
   4.7801851e+03
   4.7802104e+03
   4.7814039e+03
   4.7819142e+03
   4.7825592e+03
   4.7850839e+03
   4.7851926e+03
   4.8191927e+03
   4.8204998e+03
   4.8205429e+03
   4.8205541e+03
   4.8205657e+03
   4.8206319e+03
   4.8251129e+03
   4.8270894e+03
   4.8272821e+03
   4.8273255e+03
   4.8273846e+03
   4.8274722e+03
   4.8276179e+03
   4.8276553e+03
   4.8276878e+03
   4.8276955e+03
   4.8277118e+03
   4.8277703e+03
   4.8277782e+03
   4.8279238e+03
   4.8279928e+03
   4.8279989e+03
   4.8280389e+03
   4.8280560e+03
   4.8280775e+03
   4.8281004e+03
   4.8281492e+03
   4.8284484e+03
   4.8284718e+03
   4.8285020e+03
   4.8285488e+03
   4.8285894e+03
   4.8286725e+03
   4.8288247e+03
   4.8289125e+03
   4.8427061e+03
   4.8432133e+03
   4.8452766e+03
   4.8475249e+03
   4.8568937e+03
   4.8570693e+03
   4.8571526e+03
   4.8574459e+03
   4.8802144e+03
   4.8895916e+03
   4.8969208e+03
   4.9035387e+03
   4.9040719e+03
   4.9123538e+03
   4.9128757e+03
   4.9147547e+03
   4.9157303e+03
   4.9158425e+03
   4.9160730e+03
   4.9173959e+03
   4.9179394e+03
   4.9183160e+03
   4.9186198e+03
   4.9193721e+03
   4.9195173e+03
   4.9196125e+03
   4.9196820e+03
   4.9208994e+03
   4.9215013e+03
   4.9215680e+03
   4.9230299e+03
   4.9232057e+03
   4.9235020e+03
   4.9259151e+03
   4.9270867e+03
   4.9290472e+03
   4.9291464e+03
   4.9291558e+03
   4.9291827e+03
   4.9294942e+03
   4.9299905e+03
   4.9303637e+03
   4.9305592e+03
   4.9306420e+03
   4.9306780e+03
   4.9307765e+03
   4.9319805e+03
   4.9319850e+03
   4.9320543e+03
   4.9320593e+03
   4.9321025e+03
   4.9548918e+03
   4.9553732e+03
   4.9553783e+03
   4.9553788e+03
   4.9554171e+03
   4.9643405e+03
   4.9680078e+03
   4.9685490e+03
   4.9697300e+03
   4.9818997e+03
   4.9819084e+03
   4.9820012e+03
   4.9820403e+03
   4.9837954e+03
   4.9839028e+03
   4.9841601e+03
   4.9843084e+03
   4.9843953e+03
   4.9855091e+03
   4.9857594e+03
   4.9857996e+03
   4.9865413e+03
   4.9883980e+03
   4.9885492e+03
   4.9888813e+03
   4.9888847e+03
   4.9909598e+03
   4.9911506e+03
   4.9936370e+03
   4.9936425e+03
   4.9936693e+03
   4.9938049e+03
   4.9939394e+03
   4.9969356e+03
   4.9978314e+03
   5.0003790e+03
   5.0003866e+03
   5.0006314e+03
   5.0006669e+03
   5.0007067e+03
   5.0007233e+03
   5.0022268e+03
   5.0026108e+03
   5.0028461e+03
   5.0180351e+03
   5.0317973e+03
   5.0334287e+03
   5.0337652e+03
   5.0337721e+03
   5.0337915e+03
   5.0338966e+03
   5.0339451e+03
   5.0344324e+03
   5.0440124e+03
   5.0455530e+03
   5.0460590e+03
   5.0466203e+03
   5.0467513e+03
   5.0474139e+03
   5.0543517e+03
   5.0552201e+03
   5.0567304e+03
   5.0567363e+03
   5.0567500e+03
   5.0591022e+03
   5.0591122e+03
   5.0593680e+03
   5.0599740e+03
   5.0600731e+03
   5.0604617e+03
   5.0606201e+03
   5.0609024e+03
   5.0650722e+03
   5.0650844e+03
   5.0654398e+03
   5.0662826e+03
   5.0664787e+03
   5.0665020e+03
   5.0665505e+03
   5.0666184e+03
   5.0667410e+03
   5.0667466e+03
   5.0671344e+03
   5.0671386e+03
   5.0672620e+03
   5.0673435e+03
   5.0680554e+03
   5.0680588e+03
   5.0682357e+03
   5.0682575e+03
   5.0684231e+03
   5.0684291e+03
   5.0685138e+03
   5.0686660e+03
   5.0692875e+03
   5.0720705e+03
   5.0724439e+03
   5.0749209e+03
   5.0749501e+03
   5.0750924e+03
   5.0759069e+03
   5.0759852e+03
   5.0761522e+03
   5.0771485e+03
   5.1003636e+03
   5.1003696e+03
   5.1004829e+03
   5.1006207e+03
   5.1008200e+03
   5.1008282e+03
   5.1010840e+03
   5.1010932e+03
   5.1012897e+03
   5.1013139e+03
   5.1015498e+03
   5.1161073e+03
   5.1175001e+03
   5.1180976e+03
   5.1273640e+03
   5.1283112e+03
   5.1293529e+03
   5.1304306e+03
   5.1314290e+03
   5.1314331e+03
   5.1314462e+03
   5.1327750e+03
   5.1330281e+03
   5.1330324e+03
   5.1341110e+03
   5.1341751e+03
   5.1342622e+03
   5.1342718e+03
   5.1344096e+03
   5.1344145e+03
   5.1351074e+03
   5.1365044e+03
   5.1366894e+03
   5.1375591e+03
   5.1390739e+03
   5.1390763e+03
   5.1391944e+03
   5.1392046e+03
   5.1392939e+03
   5.1395938e+03
   5.1397041e+03
   5.1397851e+03
   5.1397892e+03
   5.1398594e+03
   5.1401220e+03
   5.1431415e+03
   5.1432798e+03
   5.1435864e+03
   5.1442481e+03
   5.1444532e+03
   5.1461768e+03
   5.1461956e+03
   5.1462374e+03
   5.1462409e+03
   5.1462900e+03
   5.1466234e+03
   5.1477628e+03
   5.1480455e+03
   5.1480969e+03
   5.1482129e+03
   5.1482175e+03
   5.1482679e+03
   5.1487659e+03
   5.1786699e+03
   5.1811601e+03
   5.1908380e+03
   5.1908594e+03
   5.1908783e+03
   5.1908911e+03
   5.1909415e+03
   5.1909421e+03
   5.1909664e+03
   5.1909699e+03
   5.1909792e+03
   5.1910130e+03
   5.1910268e+03
   5.1910448e+03
   5.1927955e+03
   5.1976366e+03
   5.1985878e+03
   5.2052710e+03
   5.2057125e+03
   5.2057552e+03
   5.2060585e+03
   5.2145767e+03
   5.2188656e+03
   5.2210221e+03
   5.2211242e+03
   5.2211257e+03
   5.2211292e+03
   5.2216227e+03
   5.2216450e+03
   5.2216470e+03
   5.2217016e+03
   5.2217410e+03
   5.2217490e+03
   5.2219178e+03
   5.2221448e+03
   5.2231636e+03
   5.2233246e+03
   5.2235250e+03
   5.2235384e+03
   5.2236334e+03
   5.2236458e+03
   5.2236582e+03
   5.2237062e+03
   5.2238327e+03
   5.2238647e+03
   5.2238898e+03
   5.2239263e+03
   5.2240542e+03
   5.2240893e+03
   5.2241378e+03
   5.2244071e+03
   5.2281335e+03
   5.2284919e+03
   5.2307106e+03
   5.2325269e+03
   5.2325390e+03
   5.2549283e+03
   5.2664246e+03
   5.2673930e+03
   5.2713393e+03
   5.2714379e+03
   5.2714533e+03
   5.2831941e+03
   5.2851855e+03
   5.2856732e+03
   5.2859297e+03
   5.2985573e+03
   5.2986710e+03
   5.2986796e+03
   5.2989287e+03
   5.2989941e+03
   5.2990196e+03
   5.2991331e+03
   5.2991357e+03
   5.2992350e+03
   5.2993504e+03
   5.2995161e+03
   5.2995683e+03
   5.2996344e+03
   5.2997631e+03
   5.3000335e+03
   5.3003972e+03
   5.3004890e+03
   5.3006056e+03
   5.3008634e+03
   5.3009560e+03
   5.3010212e+03
   5.3010291e+03
   5.3010391e+03
   5.3012369e+03
   5.3014100e+03
   5.3021357e+03
   5.3021967e+03
   5.3023086e+03
   5.3027213e+03
   5.3031293e+03
   5.3065325e+03
   5.3071780e+03
   5.3111221e+03
   5.3111989e+03
   5.3112315e+03
   5.3113942e+03
   5.3114103e+03
   5.3114336e+03
   5.3356688e+03
   5.3469847e+03
   5.3469993e+03
   5.3470002e+03
   5.3471381e+03
   5.3471403e+03
   5.3476074e+03
   5.3496534e+03
   5.3497601e+03
   5.3502890e+03
   5.3508373e+03
   5.3517494e+03
   5.3540868e+03
   5.3596876e+03
   5.3597863e+03
   5.3602877e+03
   5.3604365e+03
   5.3607131e+03
   5.3699834e+03
   5.3743330e+03
   5.3744865e+03
   5.3745027e+03
   5.3765102e+03
   5.3766681e+03
   5.3766734e+03
   5.3768606e+03
   5.3768663e+03
   5.3779730e+03
   5.3780347e+03
   5.3780500e+03
   5.3780646e+03
   5.3781064e+03
   5.3781366e+03
   5.3781813e+03
   5.3782321e+03
   5.3782609e+03
   5.3783716e+03
   5.3783759e+03
   5.3784681e+03
   5.3785328e+03
   5.3787663e+03
   5.3790647e+03
   5.3790987e+03
   5.3791082e+03
   5.3792784e+03
   5.3802963e+03
   5.3803301e+03
   5.3803528e+03
   5.3803803e+03
   5.3804307e+03
   5.3804328e+03
   5.3808414e+03
   5.3809540e+03
   5.3848900e+03
   5.3849717e+03
   5.3852688e+03
   5.3853175e+03
   5.3853865e+03
   5.3857745e+03
   5.3882388e+03
   5.3888967e+03
   5.3889805e+03
   5.3889904e+03
   5.3890526e+03
   5.3890608e+03
   5.3891319e+03
   5.3945555e+03
   5.4024975e+03
   5.4082749e+03
   5.4492089e+03
   5.4561724e+03
   5.4733295e+03
   5.4838328e+03
   5.5068978e+03
   5.5070327e+03
   5.5072278e+03
   5.5072628e+03
   5.5077440e+03
   5.5077607e+03
   5.5078558e+03
   5.5141102e+03
   5.5141474e+03
   5.5142998e+03
   5.5143707e+03
   5.5144054e+03
   5.5144096e+03
   5.5151518e+03
   5.5246229e+03
   5.5272553e+03
   5.5281962e+03
   5.5282008e+03
   5.5286941e+03
   5.5287040e+03
   5.5287832e+03
   5.5287974e+03
   5.5289865e+03
   5.5289910e+03
   5.5290940e+03
   5.5291717e+03
   5.5291766e+03
   5.5292470e+03
   5.5292801e+03
   5.5293117e+03
   5.5293187e+03
   5.5299569e+03
   5.5302060e+03
   5.5302362e+03
   5.5302450e+03
   5.5303929e+03
   5.5304312e+03
   5.5306412e+03
   5.5306841e+03
   5.5307298e+03
   5.5307460e+03
   5.5307756e+03
   5.5307951e+03
   5.5308165e+03
   5.5310005e+03
   5.5311998e+03
   5.5312570e+03
   5.5313926e+03
   5.5315338e+03
   5.5316494e+03
   5.5316773e+03
   5.5318430e+03
   5.5359059e+03
   5.5361965e+03
   5.5363858e+03
   5.5367480e+03
   5.5372445e+03
   5.5382644e+03
   5.5394167e+03
   5.5399451e+03
   5.5428534e+03
   5.5431146e+03
   5.5433147e+03
   5.5436180e+03
   5.5437339e+03
   5.5438738e+03
   5.5439097e+03
   5.5478588e+03
   5.5546623e+03
   5.5565867e+03
   5.5621461e+03
   5.5653455e+03
   5.5695966e+03
   5.5836108e+03
   5.5862059e+03
   5.5869096e+03
   5.5907534e+03
   5.5907599e+03
   5.6066978e+03
   5.6068009e+03
   5.6106655e+03
   5.6118438e+03
   5.6118589e+03
   5.6120803e+03
   5.6121519e+03
   5.6121526e+03
   5.6121652e+03
   5.6123460e+03
   5.6126393e+03
   5.6132139e+03
   5.6141763e+03
   5.6147537e+03
   5.6149560e+03
   5.6149780e+03
   5.6149831e+03
   5.6149880e+03
   5.6188616e+03
   5.6190792e+03
   5.6190900e+03
   5.6193187e+03
   5.6193246e+03
   5.6193406e+03
   5.6193495e+03
   5.6193719e+03
   5.6196578e+03
   5.6196626e+03
   5.6196715e+03
   5.6205111e+03
   5.6205182e+03
   5.6205233e+03
   5.6205594e+03
   5.6205634e+03
   5.6206226e+03
   5.6207368e+03
   5.6214239e+03
   5.6214289e+03
   5.6214367e+03
   5.6214931e+03
   5.6216328e+03
   5.6216388e+03
   5.6220676e+03
   5.6220720e+03
   5.6222863e+03
   5.6222902e+03
   5.6223737e+03
   5.6226154e+03
   5.6231915e+03
   5.6231966e+03
   5.6234191e+03
   5.6240453e+03
   5.6240530e+03
   5.6242179e+03
   5.6247855e+03
   5.6248146e+03
   5.6255144e+03
   5.6265771e+03
   5.6266265e+03
   5.6267280e+03
   5.6268151e+03
   5.6269330e+03
   5.6269517e+03
   5.6271270e+03
   5.6271572e+03
   5.6272354e+03
   5.6272372e+03
   5.6272399e+03
   5.6279463e+03
   5.6279660e+03
   5.6280870e+03
   5.6283071e+03
   5.6283936e+03
   5.6284502e+03
   5.6284601e+03
   5.6284922e+03
   5.6285380e+03
   5.6289886e+03
   5.6290054e+03
   5.6309322e+03
   5.6337627e+03
   5.6343790e+03
   5.6346120e+03
   5.6347502e+03
   5.6350949e+03
   5.6351803e+03
   5.6351906e+03
   5.6364644e+03
   5.6374148e+03
   5.6374395e+03
   5.6378349e+03
   5.6387640e+03
   5.6401632e+03
   5.6408499e+03
   5.6411827e+03
   5.6412546e+03
   5.6413872e+03
   5.6413979e+03
   5.6414221e+03
   5.6415406e+03
   5.6432200e+03
   5.6654033e+03
   5.6712169e+03
   5.6719926e+03
   5.6722612e+03
   5.6732746e+03
   5.6734582e+03
   5.6735368e+03
   5.6735417e+03
   5.6738918e+03
   5.6739964e+03
   5.6797739e+03
   5.6814437e+03
   5.6814960e+03
   5.6815052e+03
   5.6816422e+03
   5.6816465e+03
   5.6816673e+03
   5.6816923e+03
   5.6817091e+03
   5.6891616e+03
   5.6891680e+03
   5.6909331e+03
   5.6912667e+03
   5.6912760e+03
   5.6916218e+03
   5.6917846e+03
   5.6918123e+03
   5.6918394e+03
   5.6920136e+03
   5.6920175e+03
   5.6921626e+03
   5.6921835e+03
   5.6922018e+03
   5.6927945e+03
   5.6930732e+03
   5.6933551e+03
   5.6933890e+03
   5.6934787e+03
   5.6934825e+03
   5.6934925e+03
   5.6935359e+03
   5.6935860e+03
   5.6936726e+03
   5.6937650e+03
   5.6941904e+03
   5.6949507e+03
   5.6951759e+03
   5.6952803e+03
   5.6953770e+03
   5.6953828e+03
   5.6955716e+03
   5.6957579e+03
   5.6958057e+03
   5.6960014e+03
   5.6970563e+03
   5.6970616e+03
   5.6982291e+03
   5.6982520e+03
   5.6982632e+03
   5.6982700e+03
   5.6983046e+03
   5.6984136e+03
   5.6984452e+03
   5.6984846e+03
   5.6985080e+03
   5.6985368e+03
   5.6985506e+03
   5.6986451e+03
   5.6988005e+03
   5.6990025e+03
   5.6996240e+03
   5.6996470e+03
   5.6998214e+03
   5.6998304e+03
   5.6998830e+03
   5.6999709e+03
   5.7000025e+03
   5.7000367e+03
   5.7000595e+03
   5.7002168e+03
   5.7008030e+03
   5.7010459e+03
   5.7010649e+03
   5.7010781e+03
   5.7011286e+03
   5.7011865e+03
   5.7012954e+03
   5.7013404e+03
   5.7013433e+03
   5.7014142e+03
   5.7015303e+03
   5.7017833e+03
   5.7018026e+03
   5.7018839e+03
   5.7019799e+03
   5.7022353e+03
   5.7023351e+03
   5.7024759e+03
   5.7027423e+03
   5.7027645e+03
   5.7027760e+03
   5.7028511e+03
   5.7071402e+03
   5.7074610e+03
   5.7076080e+03
   5.7077767e+03
   5.7078564e+03
   5.7079064e+03
   5.7079582e+03
   5.7102612e+03
   5.7103997e+03
   5.7104038e+03
   5.7106118e+03
   5.7120437e+03
   5.7123940e+03
   5.7124007e+03
   5.7124359e+03
   5.7124980e+03
   5.7250995e+03
   5.7357123e+03
   5.7363418e+03
   5.7415969e+03
   5.7419131e+03
   5.7433420e+03
   5.7450818e+03
   5.7472992e+03
   5.7620442e+03
   5.7664026e+03
   5.7672469e+03
   5.7673674e+03
   5.7673970e+03
   5.7674462e+03
   5.7674826e+03
   5.7675173e+03
   5.7675233e+03
   5.7675307e+03
   5.7678468e+03
   5.7708393e+03
   5.7711076e+03
   5.7711139e+03
   5.7765455e+03
   5.7766903e+03
   5.7773366e+03
   5.7773428e+03
   5.7773945e+03
   5.7774487e+03
   5.7774576e+03
   5.7775437e+03
   5.7775700e+03
   5.7776523e+03
   5.7783771e+03
   5.7783864e+03
   5.7784582e+03
   5.7784730e+03
   5.7788994e+03
   5.7790473e+03
   5.7791417e+03
   5.7794867e+03
   5.7798935e+03
   5.7799009e+03
   5.7799830e+03
   5.7800906e+03
   5.7803416e+03
   5.7804362e+03
   5.7804691e+03
   5.7805373e+03
   5.7805740e+03
   5.7806179e+03
   5.7807153e+03
   5.7807818e+03
   5.7808997e+03
   5.7810233e+03
   5.7815200e+03
   5.7816412e+03
   5.7816856e+03
   5.7817751e+03
   5.7817982e+03
   5.7820402e+03
   5.7821207e+03
   5.7824024e+03
   5.7825194e+03
   5.7876099e+03
   5.7878487e+03
   5.7878525e+03
   5.7879740e+03
   5.7880468e+03
   5.7908466e+03
   5.7909329e+03
   5.7909480e+03
   5.7912717e+03
   5.7912816e+03
   5.7914139e+03
   5.7914373e+03
   5.8043857e+03
   5.8060784e+03
   5.8060918e+03
   5.8060968e+03
   5.8067720e+03
   5.8087123e+03
   5.8087760e+03
   5.8093049e+03
   5.8158209e+03
   5.8205405e+03
   5.8255908e+03
   5.8256910e+03
   5.8257979e+03
   5.8260024e+03
   5.8338154e+03
   5.8339162e+03
   5.8339616e+03
   5.8340662e+03
   5.8341346e+03
   5.8474046e+03
   5.8477687e+03
   5.8477840e+03
   5.8478519e+03
   5.8478918e+03
   5.8479009e+03
   5.8480187e+03
   5.8481356e+03
   5.8484197e+03
   5.8486491e+03
   5.8486589e+03
   5.8486637e+03
   5.8489288e+03
   5.8489333e+03
   5.8490088e+03
   5.8492381e+03
   5.8492438e+03
   5.8492497e+03
   5.8493983e+03
   5.8495465e+03
   5.8495509e+03
   5.8497666e+03
   5.8497705e+03
   5.8502975e+03
   5.8503056e+03
   5.8517657e+03
   5.8517717e+03
   5.8518053e+03
   5.8518117e+03
   5.8524132e+03
   5.8524180e+03
   5.8533828e+03
   5.8533887e+03
   5.8534036e+03
   5.8535231e+03
   5.8540631e+03
   5.8540682e+03
   5.8541105e+03
   5.8541215e+03
   5.8541297e+03
   5.8543493e+03
   5.8543682e+03
   5.8544223e+03
   5.8544548e+03
   5.8545401e+03
   5.8545448e+03
   5.8545612e+03
   5.8545731e+03
   5.8546758e+03
   5.8547136e+03
   5.8547163e+03
   5.8547507e+03
   5.8549052e+03
   5.8549343e+03
   5.8549493e+03
   5.8549572e+03
   5.8549766e+03
   5.8550210e+03
   5.8550426e+03
   5.8551088e+03
   5.8553768e+03
   5.8553873e+03
   5.8554948e+03
   5.8556439e+03
   5.8598876e+03
   5.8599492e+03
   5.8601023e+03
   5.8605378e+03
   5.8606293e+03
   5.8620407e+03
   5.8620457e+03
   5.8622455e+03
   5.8632074e+03
   5.8641922e+03
   5.8730874e+03
   5.8817173e+03
   5.8817285e+03
   5.8817452e+03
   5.8894909e+03
   5.9063491e+03
   5.9172628e+03
   5.9173188e+03
   5.9174345e+03
   5.9220405e+03
   5.9252502e+03
   5.9255962e+03
   5.9256092e+03
   5.9258079e+03
   5.9290814e+03
   5.9305439e+03
   5.9305472e+03
   5.9324499e+03
   5.9346451e+03
   5.9350620e+03
   5.9350813e+03
   5.9350875e+03
   5.9351034e+03
   5.9351748e+03
   5.9353510e+03
   5.9354578e+03
   5.9354945e+03
   5.9355015e+03
   5.9355591e+03
   5.9355627e+03
   5.9358044e+03
   5.9358087e+03
   5.9363910e+03
   5.9363955e+03
   5.9364104e+03
   5.9364198e+03
   5.9364812e+03
   5.9365253e+03
   5.9365309e+03
   5.9365441e+03
   5.9366186e+03
   5.9366231e+03
   5.9367067e+03
   5.9367243e+03
   5.9368494e+03
   5.9369748e+03
   5.9369928e+03
   5.9369999e+03
   5.9371059e+03
   5.9372967e+03
   5.9373204e+03
   5.9374071e+03
   5.9374478e+03
   5.9374924e+03
   5.9376507e+03
   5.9377779e+03
   5.9377822e+03
   5.9377991e+03
   5.9378682e+03
   5.9379050e+03
   5.9381935e+03
   5.9382362e+03
   5.9382540e+03
   5.9383520e+03
   5.9383571e+03
   5.9384319e+03
   5.9384705e+03
   5.9386777e+03
   5.9387505e+03
   5.9387636e+03
   5.9388416e+03
   5.9389828e+03
   5.9391302e+03
   5.9422171e+03
   5.9427861e+03
   5.9428641e+03
   5.9430188e+03
   5.9430709e+03
   5.9431012e+03
   5.9441744e+03
   5.9445369e+03
   5.9454251e+03
   5.9455014e+03
   5.9461885e+03
   5.9461935e+03
   5.9466022e+03
   5.9582776e+03
   5.9596449e+03
   5.9597701e+03
   5.9597840e+03
   5.9598807e+03
   5.9598873e+03
   5.9600215e+03
   5.9600311e+03
   5.9600426e+03
   5.9624972e+03
   5.9719858e+03
   5.9820950e+03
   5.9821825e+03
   5.9823799e+03
   5.9885130e+03
   5.9885699e+03
   5.9887103e+03
   5.9887322e+03
   5.9887371e+03
   5.9887807e+03
   5.9888369e+03
   5.9888393e+03
   5.9985255e+03
   5.9985486e+03
   6.0001348e+03
   6.0007684e+03
   6.0021567e+03
   6.0021994e+03
   6.0022250e+03
   6.0022304e+03
   6.0028170e+03
   6.0044578e+03
   6.0044646e+03
   6.0060185e+03
   6.0060364e+03
   6.0074840e+03
   6.0078032e+03
   6.0079234e+03
   6.0079330e+03
   6.0079432e+03
   6.0079603e+03
   6.0079754e+03
   6.0079801e+03
   6.0080703e+03
   6.0080742e+03
   6.0081066e+03
   6.0081107e+03
   6.0081430e+03
   6.0082620e+03
   6.0082647e+03
   6.0082670e+03
   6.0082853e+03
   6.0083397e+03
   6.0083582e+03
   6.0083627e+03
   6.0084291e+03
   6.0084375e+03
   6.0084586e+03
   6.0086150e+03
   6.0086404e+03
   6.0087733e+03
   6.0089150e+03
   6.0089729e+03
   6.0090735e+03
   6.0091273e+03
   6.0091516e+03
   6.0091569e+03
   6.0091815e+03
   6.0091929e+03
   6.0093107e+03
   6.0093689e+03
   6.0130003e+03
   6.0131525e+03
   6.0140140e+03
   6.0155832e+03
   6.0170687e+03
   6.0173523e+03
   6.0291106e+03
   6.0370421e+03
   6.0390387e+03
   6.0448287e+03
   6.0500582e+03
   6.0510131e+03
   6.0614396e+03
   6.0679745e+03
   6.0679819e+03
   6.0682712e+03
   6.0718049e+03
   6.0719633e+03
   6.0788133e+03
   6.0791067e+03
   6.0791269e+03
   6.0879630e+03
   6.0880681e+03
   6.0882545e+03
   6.0882586e+03
   6.0882631e+03
   6.0883964e+03
   6.0884005e+03
   6.0884065e+03
   6.0884634e+03
   6.0887268e+03
   6.0887307e+03
   6.0889463e+03
   6.0889526e+03
   6.0890119e+03
   6.0892087e+03
   6.0892424e+03
   6.0892475e+03
   6.0898806e+03
   6.0902779e+03
   6.0908912e+03
   6.0908960e+03
   6.0909015e+03
   6.0921233e+03
   6.0922341e+03
   6.0924231e+03
   6.0924289e+03
   6.0927204e+03
   6.0944231e+03
   6.0945092e+03
   6.0949616e+03
   6.0949656e+03
   6.0950093e+03
   6.0950145e+03
   6.0953713e+03
   6.0955505e+03
   6.0955545e+03
   6.0955609e+03
   6.0958290e+03
   6.0958335e+03
   6.0958612e+03
   6.0958786e+03
   6.0962782e+03
   6.0962837e+03
   6.0973034e+03
   6.0983170e+03
   6.0986330e+03
   6.0986419e+03
   6.0987956e+03
   6.0988001e+03
   6.0988156e+03
   6.0994511e+03
   6.0994559e+03
   6.0995175e+03
   6.0995261e+03
   6.0995349e+03
   6.1012942e+03
   6.1014614e+03
   6.1056100e+03
   6.1061648e+03
   6.1091922e+03
   6.1102999e+03
   6.1103128e+03
   6.1104661e+03
   6.1104703e+03
   6.1105867e+03
   6.1109519e+03
   6.1109592e+03
   6.1111057e+03
   6.1111098e+03
   6.1111204e+03
   6.1111358e+03
   6.1113447e+03
   6.1114903e+03
   6.1114952e+03
   6.1115040e+03
   6.1115947e+03
   6.1116325e+03
   6.1117790e+03
   6.1117971e+03
   6.1121133e+03
   6.1124114e+03
   6.1124175e+03
   6.1192237e+03
   6.1192303e+03
   6.1192352e+03
   6.1192669e+03
   6.1192712e+03
   6.1194187e+03
   6.1194239e+03
   6.1194351e+03
   6.1194392e+03
   6.1208562e+03
   6.1208616e+03
   6.1208862e+03
   6.1234367e+03
   6.1239554e+03
   6.1241324e+03
   6.1242796e+03
   6.1242850e+03
   6.1242896e+03
   6.1245411e+03
   6.1246317e+03
   6.1246357e+03
   6.1246657e+03
   6.1246696e+03
   6.1246752e+03
   6.1252793e+03
   6.1252853e+03
   6.1253008e+03
   6.1253744e+03
   6.1253791e+03
   6.1253910e+03
   6.1254006e+03
   6.1256765e+03
   6.1256807e+03
   6.1256895e+03
   6.1258397e+03
   6.1258444e+03
   6.1258554e+03
   6.1258641e+03
   6.1259003e+03
   6.1260173e+03
   6.1264100e+03
   6.1264151e+03
   6.1266770e+03
   6.1267103e+03
   6.1267147e+03
   6.1269566e+03
   6.1269635e+03
   6.1272454e+03
   6.1273603e+03
   6.1273702e+03
   6.1273760e+03
   6.1274395e+03
   6.1275233e+03
   6.1275548e+03
   6.1275793e+03
   6.1276022e+03
   6.1276232e+03
   6.1276534e+03
   6.1278356e+03
   6.1279378e+03
   6.1280940e+03
   6.1282117e+03
   6.1282168e+03
   6.1283124e+03
   6.1284546e+03
   6.1285148e+03
   6.1285593e+03
   6.1332773e+03
   6.1387854e+03
   6.1403572e+03
   6.1636055e+03
   6.1636149e+03
   6.1737331e+03
   6.1756179e+03
   6.1899874e+03
   6.1931861e+03
   6.2064319e+03
   6.2066046e+03
   6.2116293e+03
   6.2124266e+03
   6.2133452e+03
   6.2133533e+03
   6.2164317e+03
   6.2170033e+03
   6.2178685e+03
   6.2199074e+03
   6.2238027e+03
   6.2243655e+03
   6.2244004e+03
   6.2244069e+03
   6.2244113e+03
   6.2244732e+03
   6.2244786e+03
   6.2245940e+03
   6.2248141e+03
   6.2248210e+03
   6.2248549e+03
   6.2249615e+03
   6.2252200e+03
   6.2253846e+03
   6.2253888e+03
   6.2254000e+03
   6.2268605e+03
   6.2268724e+03
   6.2268852e+03
   6.2268912e+03
   6.2274827e+03
   6.2277702e+03
   6.2278670e+03
   6.2278744e+03
   6.2278908e+03
   6.2279086e+03
   6.2279690e+03
   6.2279740e+03
   6.2279799e+03
   6.2280517e+03
   6.2280581e+03
   6.2280824e+03
   6.2280896e+03
   6.2281653e+03
   6.2281781e+03
   6.2283543e+03
   6.2283837e+03
   6.2284054e+03
   6.2284462e+03
   6.2284857e+03
   6.2285215e+03
   6.2285820e+03
   6.2285862e+03
   6.2287320e+03
   6.2287405e+03
   6.2288056e+03
   6.2288313e+03
   6.2288698e+03
   6.2289846e+03
   6.2290262e+03
   6.2290750e+03
   6.2290992e+03
   6.2291535e+03
   6.2291914e+03
   6.2292046e+03
   6.2292088e+03
   6.2292808e+03
   6.2292857e+03
   6.2293023e+03
   6.2293269e+03
   6.2293485e+03
   6.2293583e+03
   6.2294380e+03
   6.2295192e+03
   6.2295231e+03
   6.2295640e+03
   6.2296858e+03
   6.2344137e+03
   6.2350693e+03
   6.2379231e+03
   6.2379821e+03
   6.2386624e+03
   6.2402968e+03
   6.2404771e+03
   6.2407058e+03
   6.2407127e+03
   6.2453166e+03
   6.2476092e+03
   6.2569125e+03
   6.2627241e+03
   6.2627423e+03
   6.2689206e+03
   6.2706314e+03
   6.2733563e+03
   6.2734085e+03
   6.2862751e+03
   6.2865491e+03
   6.2872340e+03
   6.2912429e+03
   6.2924315e+03
   6.2931273e+03
   6.2932273e+03
   6.3003321e+03
   6.3003399e+03
   6.3004086e+03
   6.3007675e+03
   6.3007727e+03
   6.3007777e+03
   6.3009556e+03
   6.3011500e+03
   6.3012913e+03
   6.3016488e+03
   6.3016581e+03
   6.3016628e+03
   6.3021544e+03
   6.3021624e+03
   6.3021766e+03
   6.3023255e+03
   6.3023307e+03
   6.3023456e+03
   6.3024768e+03
   6.3024840e+03
   6.3027549e+03
   6.3027610e+03
   6.3029594e+03
   6.3029638e+03
   6.3031136e+03
   6.3031181e+03
   6.3034043e+03
   6.3034142e+03
   6.3034446e+03
   6.3035688e+03
   6.3035724e+03
   6.3035775e+03
   6.3040964e+03
   6.3043824e+03
   6.3043874e+03
   6.3044638e+03
   6.3044704e+03
   6.3045391e+03
   6.3045448e+03
   6.3063989e+03
   6.3066774e+03
   6.3067899e+03
   6.3068728e+03
   6.3069170e+03
   6.3069217e+03
   6.3069400e+03
   6.3069479e+03
   6.3069792e+03
   6.3070979e+03
   6.3071054e+03
   6.3071501e+03
   6.3071540e+03
   6.3073299e+03
   6.3078426e+03
   6.3078596e+03
   6.3078650e+03
   6.3078710e+03
   6.3078939e+03
   6.3079283e+03
   6.3079455e+03
   6.3079615e+03
   6.3080734e+03
   6.3080951e+03
   6.3082932e+03
   6.3083812e+03
   6.3083928e+03
   6.3083996e+03
   6.3084257e+03
   6.3084279e+03
   6.3084411e+03
   6.3084459e+03
   6.3085600e+03
   6.3086391e+03
   6.3086721e+03
   6.3089685e+03
   6.3089722e+03
   6.3132605e+03
   6.3148084e+03
   6.3151702e+03
   6.3166026e+03
   6.3237575e+03
   6.3344228e+03
   6.3404425e+03
   6.3491735e+03
   6.3680087e+03
   6.3692255e+03
   6.3692319e+03
   6.3893529e+03
   6.3976208e+03
   6.3989334e+03
   6.4013610e+03
   6.4017460e+03
   6.4102996e+03
   6.4103064e+03
   6.4136474e+03
   6.4136899e+03
   6.4136947e+03
   6.4137029e+03
   6.4137307e+03
   6.4137396e+03
   6.4137449e+03
   6.4137807e+03
   6.4138541e+03
   6.4138789e+03
   6.4139733e+03
   6.4140506e+03
   6.4140719e+03
   6.4141103e+03
   6.4141597e+03
   6.4142193e+03
   6.4142426e+03
   6.4143507e+03
   6.4143544e+03
   6.4143551e+03
   6.4144092e+03
   6.4144273e+03
   6.4145435e+03
   6.4145705e+03
   6.4145947e+03
   6.4146217e+03
   6.4146321e+03
   6.4146425e+03
   6.4146679e+03
   6.4147278e+03
   6.4148459e+03
   6.4148502e+03
   6.4148528e+03
   6.4149382e+03
   6.4149463e+03
   6.4151766e+03
   6.4191368e+03
   6.4247913e+03
   6.4251854e+03
   6.4257475e+03
   6.4363264e+03
   6.4407813e+03
   6.4447445e+03
   6.4447558e+03
   6.4560844e+03
   6.4564045e+03
   6.4709561e+03
   6.4837193e+03
   6.4838998e+03
   6.4920676e+03
   6.4924607e+03
   6.4924779e+03
   6.4926155e+03
   6.4927721e+03
   6.4932078e+03
   6.4939024e+03
   6.4943925e+03
   6.4972556e+03
   6.4978813e+03
   6.4978939e+03
   6.4992001e+03
   6.4995390e+03
   6.4996041e+03
   6.4999235e+03
   6.5003691e+03
   6.5009192e+03
   6.5009273e+03
   6.5015350e+03
   6.5015448e+03
   6.5015551e+03
   6.5015947e+03
   6.5015996e+03
   6.5016436e+03
   6.5016571e+03
   6.5016821e+03
   6.5017082e+03
   6.5017327e+03
   6.5017598e+03
   6.5017637e+03
   6.5017707e+03
   6.5017860e+03
   6.5018092e+03
   6.5018230e+03
   6.5018779e+03
   6.5018816e+03
   6.5019262e+03
   6.5019677e+03
   6.5019803e+03
   6.5020548e+03
   6.5020973e+03
   6.5021005e+03
   6.5021028e+03
   6.5021287e+03
   6.5021730e+03
   6.5022861e+03
   6.5022883e+03
   6.5023209e+03
   6.5024220e+03
   6.5025299e+03
   6.5025496e+03
   6.5025650e+03
   6.5071833e+03
   6.5088638e+03
   6.5113337e+03
   6.5116673e+03
   6.5491440e+03
   6.5575372e+03
   6.5586462e+03
   6.5675377e+03
   6.5683745e+03
   6.5694353e+03
   6.5706397e+03
   6.5710077e+03
   6.5750883e+03
   6.5766920e+03
   6.5779142e+03
   6.5780685e+03
   6.5789107e+03
   6.5792160e+03
   6.5796059e+03
   6.5830425e+03
   6.5830877e+03
   6.5832324e+03
   6.5832377e+03
   6.5869374e+03
   6.5869493e+03
   6.5869551e+03
   6.5870064e+03
   6.5870128e+03
   6.5870222e+03
   6.5870279e+03
   6.5870409e+03
   6.5870969e+03
   6.5871355e+03
   6.5871435e+03
   6.5873581e+03
   6.5874863e+03
   6.5874934e+03
   6.5875127e+03
   6.5875199e+03
   6.5876081e+03
   6.5876122e+03
   6.5876243e+03
   6.5876734e+03
   6.5878718e+03
   6.5919366e+03
   6.5947419e+03
   6.5951134e+03
   6.5951205e+03
   6.5951300e+03
   6.5952329e+03
   6.5952371e+03
   6.5952695e+03
   6.5953617e+03
   6.5954854e+03
   6.5954922e+03
   6.5955430e+03
   6.5957604e+03
   6.5957702e+03
   6.5958966e+03
   6.5959490e+03
   6.5959781e+03
   6.5960086e+03
   6.5961201e+03
   6.5964169e+03
   6.5978451e+03
   6.6003819e+03
   6.6003887e+03
   6.6007468e+03
   6.6103985e+03
   6.6122247e+03
   6.6243670e+03
   6.6320006e+03
   6.6323422e+03
   6.6345019e+03
   6.6413646e+03
   6.6418186e+03
   6.6418663e+03
   6.6423482e+03
   6.6423786e+03
   6.6445211e+03
   6.6447136e+03
   6.6447236e+03
   6.6447349e+03
   6.6447551e+03
   6.6447794e+03
   6.6448073e+03
   6.6448325e+03
   6.6448330e+03
   6.6451496e+03
   6.6625567e+03
   6.6635584e+03
   6.6683333e+03
   6.6687912e+03
   6.6692657e+03
   6.6721171e+03
   6.6732406e+03
   6.6755814e+03
   6.6775309e+03
   6.6797306e+03
   6.6797439e+03
   6.6842802e+03
   6.6842954e+03
   6.6843022e+03
   6.6843114e+03
   6.6847266e+03
   6.6847356e+03
   6.6855797e+03
   6.6855874e+03
   6.6866178e+03
   6.6874010e+03
   6.6874109e+03
   6.6915682e+03
   6.6936521e+03
   6.6937014e+03
   6.6937089e+03
   6.6937239e+03
   6.6937298e+03
   6.6937500e+03
   6.6937822e+03
   6.6937893e+03
   6.6938100e+03
   6.6938178e+03
   6.6938322e+03
   6.6938661e+03
   6.6938687e+03
   6.6938729e+03
   6.6939024e+03
   6.6939075e+03
   6.6941199e+03
   6.6941601e+03
   6.6941653e+03
   6.6942545e+03
   6.6942592e+03
   6.6943938e+03
   6.6944487e+03
   6.6945027e+03
   6.6945075e+03
   6.6947326e+03
   6.6947411e+03
   6.6999159e+03
   6.7026525e+03
   6.7026895e+03
   6.7037461e+03
   6.7038075e+03
   6.7038904e+03
   6.7038952e+03
   6.7039978e+03
   6.7041430e+03
   6.7041687e+03
   6.7041828e+03
   6.7042545e+03
   6.7042586e+03
   6.7042905e+03
   6.7044222e+03
   6.7044322e+03
   6.7044717e+03
   6.7045719e+03
   6.7045791e+03
   6.7047603e+03
   6.7049429e+03
   6.7049533e+03
   6.7063347e+03
   6.7204709e+03
   6.7204882e+03
   6.7224287e+03
   6.7242759e+03
   6.7338528e+03
   6.7352689e+03
   6.7389929e+03
   6.7393622e+03
   6.7395129e+03
   6.7404578e+03
   6.7415212e+03
   6.7551731e+03
   6.7572095e+03
   6.7582521e+03
   6.7582733e+03
   6.7607152e+03
   6.7640946e+03
   6.7765794e+03
   6.7766521e+03
   6.7872776e+03
   6.7877182e+03
   6.7877886e+03
   6.7980517e+03
   6.7989348e+03
   6.7991194e+03
   6.7996372e+03
   6.7996418e+03
   6.7996817e+03
   6.7996868e+03
   6.7997219e+03
   6.7997269e+03
   6.7997366e+03
   6.7997581e+03
   6.7997621e+03
   6.7997684e+03
   6.7999323e+03
   6.8000891e+03
   6.8001647e+03
   6.8002416e+03
   6.8002778e+03
   6.8003617e+03
   6.8003783e+03
   6.8004567e+03
   6.8005102e+03
   6.8005621e+03
   6.8005933e+03
   6.8006336e+03
   6.8006900e+03
   6.8007910e+03
   6.8008127e+03
   6.8009601e+03
   6.8009933e+03
   6.8011109e+03
   6.8011252e+03
   6.8012394e+03
   6.8013179e+03
   6.8016406e+03
   6.8017890e+03
   6.8060916e+03
   6.8099918e+03
   6.8102307e+03
   6.8103595e+03
   6.8105364e+03
   6.8105976e+03
   6.8111831e+03
   6.8112532e+03
   6.8115496e+03
   6.8120572e+03
   6.8307578e+03
   6.8308339e+03
   6.8308698e+03
   6.8308827e+03
   6.8331148e+03
   6.8332553e+03
   6.8360424e+03
   6.8394228e+03
   6.8405054e+03
   6.8407955e+03
   6.8407997e+03
   6.8409380e+03
   6.8409501e+03
   6.8414397e+03
   6.8414489e+03
   6.8414631e+03
   6.8414802e+03
   6.8414997e+03
   6.8415753e+03
   6.8415797e+03
   6.8416061e+03
   6.8416624e+03
   6.8416990e+03
   6.8417162e+03
   6.8418102e+03
   6.8418164e+03
   6.8418227e+03
   6.8419544e+03
   6.8419609e+03
   6.8419843e+03
   6.8421010e+03
   6.8421453e+03
   6.8422558e+03
   6.8422604e+03
   6.8424333e+03
   6.8424372e+03
   6.8426610e+03
   6.8427305e+03
   6.8428194e+03
   6.8428244e+03
   6.8428524e+03
   6.8428572e+03
   6.8434216e+03
   6.8434529e+03
   6.8434660e+03
   6.8435479e+03
   6.8436375e+03
   6.8437787e+03
   6.8439267e+03
   6.8439343e+03
   6.8440791e+03
   6.8444125e+03
   6.8470438e+03
   6.8488067e+03
   6.8488130e+03
   6.8501644e+03
   6.8509678e+03
   6.8534576e+03
   6.8535235e+03
   6.8535688e+03
   6.8536329e+03
   6.8536413e+03
   6.8536531e+03
   6.8536925e+03
   6.8537045e+03
   6.8538276e+03
   6.8539022e+03
   6.8539407e+03
   6.8539694e+03
   6.8539733e+03
   6.8540497e+03
   6.8541158e+03
   6.8541596e+03
   6.8543401e+03
   6.8543854e+03
   6.8543906e+03
   6.8545568e+03
   6.8545977e+03
   6.8546419e+03
   6.8547423e+03
   6.8548135e+03
   6.8548464e+03
   6.8549460e+03
   6.8574744e+03
   6.8598024e+03
   6.8603197e+03
   6.8603307e+03
   6.8626563e+03
   6.8733307e+03
   6.8735055e+03
   6.8737394e+03
   6.8738685e+03
   6.8739224e+03
   6.8741077e+03
   6.8741154e+03
   6.8790364e+03
   6.9078768e+03
   6.9078908e+03
   6.9079673e+03
   6.9079909e+03
   6.9081724e+03
   6.9088221e+03
   6.9270158e+03
   6.9271825e+03
   6.9272091e+03
   6.9274325e+03
   6.9280784e+03
   6.9489454e+03
   6.9859284e+03
   6.9932887e+03
   6.9968008e+03
   7.0090509e+03
   7.0116648e+03
   7.0672270e+03
   7.0803707e+03
   7.0980701e+03
   7.1091394e+03
   7.1125937e+03
   7.1126026e+03
   7.1126048e+03
   7.1126220e+03
   7.1286305e+03
   7.1307564e+03
   7.1773014e+03
   7.1773218e+03
   7.1773307e+03
   7.1773494e+03
   7.1773705e+03
   7.1778480e+03
   7.1778531e+03
   7.1778577e+03
   7.2985562e+03
   7.2985627e+03
   7.2985725e+03
   7.2985825e+03
   7.2985966e+03
   7.2986261e+03
   7.3290637e+03
   7.3600360e+03
   7.3602128e+03
   7.3650365e+03
   7.3654494e+03
   7.3800644e+03
   7.4011510e+03
   7.4025009e+03
   7.4025069e+03
   7.4025117e+03
   7.4025336e+03
   7.4025462e+03
   7.4032275e+03
   7.4044204e+03
   7.4425588e+03
   7.4444433e+03
   7.4532935e+03
   7.4622478e+03
   7.4644126e+03
   7.4726137e+03
   7.4792583e+03
   7.4792658e+03
   7.4856755e+03
   7.5258568e+03
   7.5290114e+03
   7.5320716e+03
   7.5320763e+03
   7.5320810e+03
   7.5320889e+03
   7.5347932e+03
   7.5363075e+03
   7.5414594e+03
   7.5447563e+03
   7.5748791e+03
   7.5870260e+03
   7.5891290e+03
   7.6265783e+03
   7.6318007e+03
   7.6318197e+03
   7.6318393e+03
   7.6318746e+03
   7.6355146e+03
   7.6875750e+03
   7.7001960e+03
   7.7002069e+03
   7.7097538e+03
   7.7099663e+03
   7.7690503e+03
   7.7835046e+03
   7.7835271e+03
   7.7868245e+03
   7.7868998e+03
   7.8115302e+03
   7.8343859e+03
   7.8610872e+03
   7.8612415e+03
   7.8612992e+03
   7.8613648e+03
   7.8621395e+03
   7.8631762e+03
   7.8763549e+03
   7.8786155e+03
   7.8903732e+03
   7.9067794e+03
   7.9209342e+03
   7.9209476e+03
   7.9250524e+03
   7.9466731e+03
   7.9748037e+03
   7.9777249e+03
   7.9780238e+03
   7.9782524e+03
   7.9782681e+03
   7.9819178e+03
   7.9834450e+03
   7.9840605e+03
   7.9880360e+03
   7.9880460e+03
   7.9880533e+03
   7.9880637e+03
   7.9917517e+03
   7.9919131e+03
   8.0062931e+03
   8.0079180e+03
   8.0109782e+03
   8.0109847e+03
   8.0109917e+03
   8.0133530e+03
   8.0207576e+03
   8.0227215e+03
   8.0228187e+03
   8.0246797e+03
   8.0358739e+03
   8.0358849e+03
   8.0358924e+03
   8.0386285e+03
   8.0423087e+03
   8.0446500e+03
   8.0446548e+03
   8.0446725e+03
   8.0510468e+03
   8.0516307e+03
   8.0517037e+03
   8.0518631e+03
   8.0518903e+03
   8.0525667e+03
   8.0580518e+03
   8.0599284e+03
   8.0782193e+03
   8.0792633e+03
   8.0792750e+03
   8.0793114e+03
   8.0873957e+03
   8.0888898e+03
   8.0974019e+03
   8.0979237e+03
   8.1007719e+03
   8.1007773e+03
   8.1007874e+03
   8.1054822e+03
   8.1055460e+03
   8.1055756e+03
   8.1055803e+03
   8.1055850e+03
   8.1060298e+03
   8.1066207e+03
   8.1093489e+03
   8.1096817e+03
   8.1112424e+03
   8.1112529e+03
   8.1119628e+03
   8.1119679e+03
   8.1127115e+03
   8.1226094e+03
   8.1227443e+03
   8.1273491e+03
   8.1285212e+03
   8.1409966e+03
   8.1486571e+03
   8.1552622e+03
   8.1586577e+03
   8.1591160e+03
   8.1592793e+03
   8.1592872e+03
   8.1594243e+03
   8.1669193e+03
   8.1743732e+03
   8.1761175e+03
   8.1777426e+03
   8.1777486e+03
   8.1777572e+03
   8.1841557e+03
   8.1841624e+03
   8.1841991e+03
   8.1853211e+03
   8.1895104e+03
   8.1967383e+03
   8.2056454e+03
   8.2069184e+03
   8.2076012e+03
   8.2076084e+03
   8.2219239e+03
   8.2219449e+03
   8.2219590e+03
   8.2219811e+03
   8.2219950e+03
   8.2220111e+03
   8.2244168e+03
   8.2244270e+03
   8.2244344e+03
   8.2292641e+03
   8.2403171e+03
   8.2525655e+03
   8.2532358e+03
   8.2532426e+03
   8.2542334e+03
   8.2545359e+03
   8.2545424e+03
   8.2545559e+03
   8.2545934e+03
   8.2603088e+03
   8.2755621e+03
   8.2755681e+03
   8.2756042e+03
   8.2760798e+03
   8.2760853e+03
   8.2760994e+03
   8.2761262e+03
   8.2915840e+03
   8.2917469e+03
   8.2946417e+03
   8.2950823e+03
   8.2992464e+03
   8.2992656e+03
   8.3003237e+03
   8.3096285e+03
   8.3096353e+03
   8.3132902e+03
   8.3141861e+03
   8.3142005e+03
   8.3142129e+03
   8.3142245e+03
   8.3142487e+03
   8.3177765e+03
   8.3195297e+03
   8.3314554e+03
   8.3405025e+03
   8.3427330e+03
   8.3473909e+03
   8.3473989e+03
   8.3474157e+03
   8.3474286e+03
   8.3498977e+03
   8.3593379e+03
   8.3593443e+03
   8.3593527e+03
   8.3593658e+03
   8.3593751e+03
   8.3594006e+03
   8.3594136e+03
   8.3632219e+03
   8.3632621e+03
   8.3633047e+03
   8.3633120e+03
   8.3644768e+03
   8.3644906e+03
   8.3644964e+03
   8.3731057e+03
   8.3861790e+03
   8.3972372e+03
   8.4115152e+03
   8.4147599e+03
   8.4299706e+03
   8.4300615e+03
   8.4315624e+03
   8.4356147e+03
   8.4508362e+03
   8.4508516e+03
   8.4508588e+03
   8.4508659e+03
   8.4508728e+03
   8.4509924e+03
   8.4510020e+03
   8.4523797e+03
   8.4526558e+03
   8.4526658e+03
   8.4533539e+03
   8.4547059e+03
   8.4547162e+03
   8.4547266e+03
   8.4698425e+03
   8.4802683e+03
   8.4869518e+03
   8.4877349e+03
   8.4917146e+03
   8.4917599e+03
   8.4917655e+03
   8.4921204e+03
   8.4921275e+03
   8.5005938e+03
   8.5006720e+03
   8.5006864e+03
   8.5007215e+03
   8.5007794e+03
   8.5106946e+03
   8.5107625e+03
   8.5107700e+03
   8.5112802e+03
   8.5179525e+03
   8.5180232e+03
   8.5180346e+03
   8.5183892e+03
   8.5194125e+03
   8.5211190e+03
   8.5211376e+03
   8.5222281e+03
   8.5226406e+03
   8.5226695e+03
   8.5302301e+03
   8.5418474e+03
   8.5418725e+03
   8.5418794e+03
   8.5452100e+03
   8.5452238e+03
   8.5519874e+03
   8.5670052e+03
   8.5724129e+03
   8.5753188e+03
   8.5756587e+03
   8.5761033e+03
   8.5766179e+03
   8.5766303e+03
   8.5818990e+03
   8.5982909e+03
   8.5987510e+03
   8.6010690e+03
   8.6032068e+03
   8.6057733e+03
   8.6085999e+03
   8.6102850e+03
   8.6102936e+03
   8.6174905e+03
   8.6409198e+03
   8.6409333e+03
   8.6417645e+03
   8.6417762e+03
   8.6519934e+03
   8.6519998e+03
   8.6520498e+03
   8.6556433e+03
   8.6597938e+03
   8.6598057e+03
   8.6697877e+03
   8.6719892e+03
   8.6749376e+03
   8.6796325e+03
   8.6811209e+03
   8.6821259e+03
   8.6826126e+03
   8.6846572e+03
   8.6921176e+03
   8.6953378e+03
   8.6953478e+03
   8.6953504e+03
   8.6954429e+03
   8.6954486e+03
   8.6954728e+03
   8.6958440e+03
   8.6963936e+03
   8.6964231e+03
   8.6983218e+03
   8.6987306e+03
   8.6987362e+03
   8.7008830e+03
   8.7038079e+03
   8.7055433e+03
   8.7055733e+03
   8.7055826e+03
   8.7055922e+03
   8.7158894e+03
   8.7158997e+03
   8.7159325e+03
   8.7222337e+03
   8.7226803e+03
   8.7226940e+03
   8.7227020e+03
   8.7227158e+03
   8.7242038e+03
   8.7246498e+03
   8.7302040e+03
   8.7348854e+03
   8.7722840e+03
   8.7889763e+03
   8.7890763e+03
   8.7967675e+03
   8.7993310e+03
   8.7996126e+03
   8.7997538e+03
   8.7998443e+03
   8.8037859e+03
   8.8037921e+03
   8.8144770e+03
   8.8181147e+03
   8.8383751e+03
   8.8387774e+03
   8.8579586e+03
   8.8624639e+03
   8.8683373e+03
   8.8820341e+03
   8.8839558e+03
   8.8865131e+03
   8.8865211e+03
   8.8959408e+03
   8.8971253e+03
   8.8981766e+03
   8.9034990e+03
   8.9035102e+03
   8.9035161e+03
   8.9048972e+03
   8.9049025e+03
   8.9075553e+03
   8.9078399e+03
   8.9081952e+03
   8.9136711e+03
   8.9159177e+03
   8.9235070e+03
   8.9240218e+03
   8.9244822e+03
   8.9246837e+03
   8.9282617e+03
   8.9283600e+03
   8.9283655e+03
   8.9283945e+03
   8.9283961e+03
   8.9288255e+03
   8.9289432e+03
   8.9321408e+03
   8.9363886e+03
   8.9371800e+03
   8.9382163e+03
   8.9387366e+03
   8.9403901e+03
   8.9408473e+03
   8.9421596e+03
   8.9492775e+03
   8.9495835e+03
   8.9498575e+03
   8.9499058e+03
   8.9500489e+03
   8.9500540e+03
   8.9500778e+03
   8.9604581e+03
   8.9604776e+03
   8.9650223e+03
   8.9650285e+03
   8.9650341e+03
   8.9650402e+03
   8.9678301e+03
   8.9811275e+03
   8.9878929e+03
   8.9879601e+03
   8.9941165e+03
   8.9941277e+03
   9.0032411e+03
   9.0046664e+03
   9.0080996e+03
   9.0083034e+03
   9.0095543e+03
   9.0095596e+03
   9.0095643e+03
   9.0095709e+03
   9.0096345e+03
   9.0096395e+03
   9.0096570e+03
   9.0096640e+03
   9.0116477e+03
   9.0133293e+03
   9.0154001e+03
   9.0161807e+03
   9.0202927e+03
   9.0303457e+03
   9.0363229e+03
   9.0368900e+03
   9.0369332e+03
   9.0375596e+03
   9.0375632e+03
   9.0391461e+03
   9.0391543e+03
   9.0395515e+03
   9.0432169e+03
   9.0455143e+03
   9.0457338e+03
   9.0629077e+03
   9.0629232e+03
   9.0629450e+03
   9.0648258e+03
   9.0650516e+03
   9.0658495e+03
   9.0658581e+03
   9.0676399e+03
   9.0756391e+03
   9.0789997e+03
   9.0791390e+03
   9.0800583e+03
   9.0800681e+03
   9.0800857e+03
   9.0867912e+03
   9.0876805e+03
   9.0882677e+03
   9.0890617e+03
   9.0892362e+03
   9.0899330e+03
   9.0901661e+03
   9.0987825e+03
   9.1012392e+03
   9.1062545e+03
   9.1085836e+03
   9.1107230e+03
   9.1129493e+03
   9.1137049e+03
   9.1137211e+03
   9.1207707e+03
   9.1236383e+03
   9.1244204e+03
   9.1244442e+03
   9.1244489e+03
   9.1246171e+03
   9.1277760e+03
   9.1277808e+03
   9.1277862e+03
   9.1294173e+03
   9.1311267e+03
   9.1930031e+03
   9.2119722e+03
   9.2164291e+03
   9.2167039e+03
   9.2208417e+03
   9.2228965e+03
   9.2249692e+03
   9.2267454e+03
   9.2355411e+03
   9.2355475e+03
   9.2355681e+03
   9.2355740e+03
   9.2355877e+03
   9.2403822e+03
   9.2456410e+03
   9.2456678e+03
   9.2456742e+03
   9.2456896e+03
   9.2456987e+03
   9.2514346e+03
   9.2560354e+03
   9.2560612e+03
   9.2565700e+03
   9.2565786e+03
   9.2583509e+03
   9.2586046e+03
   9.2687785e+03
   9.2690120e+03
   9.2690175e+03
   9.2690547e+03
   9.2690601e+03
   9.2690686e+03
   9.2737158e+03
   9.2773766e+03
   9.2773859e+03
   9.2774012e+03
   9.2774498e+03
   9.2774550e+03
   9.2774619e+03
   9.2793152e+03
   9.2793778e+03
   9.2793848e+03
   9.2798546e+03
   9.2798671e+03
   9.2801522e+03
   9.2807655e+03
   9.2825722e+03
   9.2830556e+03
   9.2963830e+03
   9.2963852e+03
   9.2977943e+03
   9.2984783e+03
   9.2985826e+03
   9.2998874e+03
   9.3001165e+03
   9.3015618e+03
   9.3042046e+03
   9.3064869e+03
   9.3078766e+03
   9.3574012e+03
   9.3609936e+03
   9.3768801e+03
   9.3804490e+03
   9.3809937e+03
   9.3810029e+03
   9.3821092e+03
   9.3967560e+03
   9.3967615e+03
   9.3967739e+03
   9.4006919e+03
   9.4106173e+03
   9.4120538e+03
   9.4231215e+03
   9.4326399e+03
   9.4412227e+03
   9.4421977e+03
   9.4480850e+03
   9.4522617e+03
   9.4522952e+03
   9.4526285e+03
   9.4526838e+03
   9.4538884e+03
   9.4581012e+03
   9.4608630e+03
   9.4610440e+03
   9.4612365e+03
   9.4618518e+03
   9.4657161e+03
   9.4783488e+03
   9.4786357e+03
   9.4786604e+03
   9.4817257e+03
   9.4842101e+03
   9.4891416e+03
   9.4898819e+03
   9.5061858e+03
   9.5062438e+03
   9.5062906e+03
   9.5062944e+03
   9.5062995e+03
   9.5063001e+03
   9.5063058e+03
   9.5063073e+03
   9.5063227e+03
   9.5123070e+03
   9.5130705e+03
   9.5131174e+03
   9.5237115e+03
   9.5340244e+03
   9.5355314e+03
   9.5357475e+03
   9.5358347e+03
   9.5358463e+03
   9.5358509e+03
   9.5376448e+03
   9.5379884e+03
   9.5448626e+03
   9.5464515e+03
   9.5466693e+03
   9.5467057e+03
   9.5467160e+03
   9.5467287e+03
   9.5469117e+03
   9.5469170e+03
   9.5473526e+03
   9.5526452e+03
   9.5572637e+03
   9.5578963e+03
   9.5579519e+03
   9.5579692e+03
   9.5579902e+03
   9.5580820e+03
   9.5787241e+03
   9.6383045e+03
   9.6478859e+03
   9.6743263e+03
   9.6864311e+03
   9.6904497e+03
   9.6910111e+03
   9.6910176e+03
   9.6910358e+03
   9.6913792e+03
   9.6935180e+03
   9.6962093e+03
   9.7038147e+03
   9.7113087e+03
   9.7226878e+03
   9.7235076e+03
   9.7294071e+03
   9.7342466e+03
   9.7436929e+03
   9.7480166e+03
   9.7480434e+03
   9.7480585e+03
   9.7536514e+03
   9.7543578e+03
   9.7543803e+03
   9.7589710e+03
   9.7700743e+03
   9.7732007e+03
   9.7848600e+03
   9.7977952e+03
   9.8024062e+03
   9.8186446e+03
   9.8219872e+03
   9.8220038e+03
   9.8227151e+03
   9.8287416e+03
   9.8299776e+03
   9.8301266e+03
   9.8321638e+03
   9.8417287e+03
   9.8443424e+03
   9.8443822e+03
   9.8445833e+03
   9.8445947e+03
   9.8445994e+03
   9.8455396e+03
   9.8460251e+03
   9.8461019e+03
   9.8574502e+03
   9.8579064e+03
   9.8633602e+03
   9.8676173e+03
   9.8676246e+03
   9.8676288e+03
   9.8676330e+03
   9.8784651e+03
   9.8799475e+03
   9.8799712e+03
   9.8812650e+03
   9.8812721e+03
   9.8812822e+03
   9.8816462e+03
   9.8819910e+03
   9.8819961e+03
   9.8825526e+03
   9.9311271e+03
   9.9481736e+03
   9.9743288e+03
   9.9743352e+03
   9.9743476e+03
   9.9789371e+03
   1.0114133e+04
   1.0166721e+04
   1.0172528e+04
   1.0173808e+04
   1.0236746e+04
   1.0241004e+04
   1.0274805e+04
   1.0282517e+04
   1.0320612e+04
   1.0347270e+04
   1.0383794e+04
   1.0388451e+04
   1.0390172e+04
   1.0392115e+04
   1.0408090e+04
   1.0412752e+04
   1.0423510e+04
   1.0423522e+04
   1.0423530e+04
   1.0423537e+04
   1.0423546e+04
   1.0428621e+04
   1.0428640e+04
   1.0432325e+04
   1.0437592e+04
   1.0443801e+04
   1.0445291e+04
   1.0452488e+04
   1.0456077e+04
   1.0458482e+04
   1.0458504e+04
   1.0461709e+04
   1.0462832e+04
   1.0463482e+04
   1.0464369e+04
   1.0465277e+04
   1.0466159e+04
   1.0469752e+04
   1.0471972e+04
   1.0478808e+04
   1.0481710e+04
   1.0481800e+04
   1.0481806e+04
   1.0481812e+04
   1.0481817e+04
   1.0481822e+04
   1.0482365e+04
   1.0482371e+04
   1.0482376e+04
   1.0490359e+04
   1.0490789e+04
   1.0490823e+04
   1.0490828e+04
   1.0492004e+04
   1.0492075e+04
   1.0494578e+04
   1.0494584e+04
   1.0494589e+04
   1.0494593e+04
   1.0494671e+04
   1.0494676e+04
   1.0494680e+04
   1.0494690e+04
   1.0520694e+04
   1.0522677e+04
   1.0522800e+04
   1.0522811e+04
   1.0522823e+04
   1.0522830e+04
   1.0522834e+04
   1.0522878e+04
   1.0522903e+04
   1.0522909e+04
   1.0522935e+04
   1.0523490e+04
   1.0524285e+04
   1.0524600e+04
   1.0524605e+04
   1.0524609e+04
   1.0525179e+04
   1.0525191e+04
   1.0525196e+04
   1.0534443e+04
   1.0535184e+04
   1.0543098e+04
   1.0543100e+04
   1.0543104e+04
   1.0543427e+04
   1.0550784e+04
   1.0551402e+04
   1.0557199e+04
   1.0557509e+04
   1.0557517e+04
   1.0557537e+04
   1.0563279e+04
   1.0563813e+04
   1.0565772e+04
   1.0565920e+04
   1.0565925e+04
   1.0565929e+04
   1.0567768e+04
   1.0581073e+04
   1.0581608e+04
   1.0582152e+04
   1.0588605e+04
   1.0588632e+04
   1.0588769e+04
   1.0588777e+04
   1.0589772e+04
   1.0593012e+04
   1.0597591e+04
   1.0597754e+04
   1.0598070e+04
   1.0598075e+04
   1.0602724e+04
   1.0604229e+04
   1.0607728e+04
   1.0608038e+04
   1.0608209e+04
   1.0608216e+04
   1.0608221e+04
   1.0608523e+04
   1.0608534e+04
   1.0609371e+04
   1.0610663e+04
   1.0624189e+04
   1.0624363e+04
   1.0625073e+04
   1.0627206e+04
   1.0627511e+04
   1.0628694e+04
   1.0628748e+04
   1.0628906e+04
   1.0634457e+04
   1.0634498e+04
   1.0635597e+04
   1.0648140e+04
   1.0648151e+04
   1.0651485e+04
   1.0651493e+04
   1.0652257e+04
   1.0652593e+04
   1.0652648e+04
   1.0652780e+04
   1.0657142e+04
   1.0658264e+04
   1.0658345e+04
   1.0664532e+04
   1.0665902e+04
   1.0669658e+04
   1.0670466e+04
   1.0670485e+04
   1.0671207e+04
   1.0671214e+04
   1.0671284e+04
   1.0671291e+04
   1.0671340e+04
   1.0674825e+04
   1.0697709e+04
   1.0699583e+04
   1.0704202e+04
   1.0707453e+04
   1.0711540e+04
   1.0721600e+04
   1.0721614e+04
   1.0721656e+04
   1.0722349e+04
   1.0722358e+04
   1.0723440e+04
   1.0725564e+04
   1.0734390e+04
   1.0738864e+04
   1.0741747e+04
   1.0741761e+04
   1.0741823e+04
   1.0742010e+04
   1.0742025e+04
   1.0742037e+04
   1.0747676e+04
   1.0749742e+04
   1.0749749e+04
   1.0762451e+04
   1.0762460e+04
   1.0768082e+04
   1.0768094e+04
   1.0768108e+04
   1.0770034e+04
   1.0770944e+04
   1.0782943e+04
   1.0782963e+04
   1.0783154e+04
   1.0783314e+04
   1.0792385e+04
