   3.3041333e+00
   6.7262667e+00
   8.2034667e+00
   8.4983333e+00
   1.7804700e+01
   1.8332700e+01
   2.2097000e+01
   2.3365000e+01
   2.3612633e+01
   2.3751267e+01
   2.5176533e+01
   3.4023800e+01
   3.4055033e+01
   4.0233533e+01
   4.0475100e+01
   4.2570767e+01
   4.3974733e+01
   4.5716967e+01
   4.6933500e+01
   5.2591333e+01
   5.3011567e+01
   5.5893367e+01
   6.1464167e+01
   6.4995000e+01
   6.5393567e+01
   6.7987100e+01
   6.9529267e+01
   7.0276133e+01
   7.1370967e+01
   7.1594533e+01
   7.5102167e+01
   7.5584600e+01
   8.0838600e+01
   8.3802833e+01
   8.8406167e+01
   9.1038967e+01
   9.2634000e+01
   9.4171500e+01
   9.4194033e+01
   1.0220527e+02
   1.0436503e+02
   1.0687467e+02
   1.1277140e+02
   1.1336107e+02
   1.1916527e+02
   1.1992687e+02
   1.2411957e+02
   1.3013737e+02
   1.3401213e+02
   1.3561753e+02
   1.3650820e+02
   1.3652527e+02
   1.4173870e+02
   1.4432523e+02
   1.4532400e+02
   1.4737077e+02
   1.5577970e+02
   1.5578410e+02
   1.5578960e+02
   1.5683733e+02
   1.6196897e+02
   1.6610540e+02
   1.7010210e+02
   1.7038947e+02
   1.7415000e+02
   1.7790700e+02
   1.8079187e+02
   1.8107470e+02
   1.9117093e+02
   1.9214883e+02
   1.9276023e+02
   1.9493710e+02
   1.9498230e+02
   2.0149697e+02
   2.0484157e+02
   2.0801993e+02
   2.0807963e+02
   2.0955440e+02
   2.1440037e+02
   2.1943907e+02
   2.1990733e+02
   2.1992347e+02
   2.2534907e+02
   2.2571950e+02
   2.2795353e+02
   2.3686523e+02
   2.3717930e+02
   2.4541767e+02
   2.4761613e+02
   2.5032537e+02
   2.5286810e+02
   2.5473963e+02
   2.6163230e+02
   2.6258963e+02
   2.6686640e+02
   2.7658203e+02
   2.7840370e+02
   2.7842463e+02
   2.7855873e+02
   2.7899487e+02
   2.7901577e+02
   2.8039923e+02
   2.8409940e+02
   2.8435657e+02
   2.8442977e+02
   2.8859680e+02
   2.9062333e+02
   2.9727390e+02
   3.0027603e+02
   3.0575217e+02
   3.2585660e+02
   3.2601407e+02
   3.3214933e+02
   3.3295010e+02
   3.3405997e+02
   3.3429527e+02
   3.3543487e+02
   3.3582927e+02
   3.3585320e+02
   3.3879353e+02
   3.4628010e+02
   3.4633117e+02
   3.4751040e+02
   3.4916500e+02
   3.5006140e+02
   3.5439167e+02
   3.5541067e+02
   3.5614263e+02
   3.5659217e+02
   3.5900990e+02
   3.6224730e+02
   3.6354690e+02
   3.6401123e+02
   3.6996177e+02
   3.8179257e+02
   3.9859703e+02
   4.0064080e+02
   4.0066533e+02
   4.0244010e+02
   4.0527720e+02
   4.1081113e+02
   4.1349023e+02
   4.2440257e+02
   4.3279247e+02
   4.3903810e+02
   4.3906937e+02
   4.4187233e+02
   4.4454590e+02
   4.4513173e+02
   4.4623077e+02
   4.4985140e+02
   4.6434213e+02
   4.6933107e+02
   4.7595480e+02
   4.7817813e+02
   4.8015563e+02
   4.8434333e+02
   4.9849290e+02
   5.0245677e+02
   5.0371107e+02
   5.0382627e+02
   5.0707140e+02
   5.0733767e+02
   5.0799993e+02
   5.0804200e+02
   5.0805773e+02
   5.1042993e+02
   5.1045653e+02
   5.1080493e+02
   5.1225603e+02
   5.1254700e+02
   5.1258670e+02
   5.1320477e+02
   5.1680763e+02
   5.1728600e+02
   5.3445323e+02
   5.4099443e+02
   5.4145707e+02
   5.4527137e+02
   5.4682473e+02
   5.5458403e+02
   5.5465550e+02
   5.5744747e+02
   5.6495777e+02
   5.6611323e+02
   5.7163207e+02
   5.7479080e+02
   5.7510130e+02
   5.7855967e+02
   5.7856827e+02
   5.7887530e+02
   5.8033050e+02
   5.8727520e+02
   5.8843617e+02
   5.8867940e+02
   5.8868573e+02
   5.8869247e+02
   5.8970340e+02
   5.8977503e+02
   5.9161217e+02
   5.9466117e+02
   6.0702387e+02
   6.0769073e+02
   6.0772740e+02
   6.1376147e+02
   6.2217423e+02
   6.2224100e+02
   6.3353703e+02
   6.5187073e+02
   6.6644167e+02
   6.7198887e+02
   6.7703683e+02
   6.7704873e+02
   6.7761160e+02
   6.7763227e+02
   6.8357613e+02
   6.8400990e+02
   6.8525667e+02
   6.8526100e+02
   6.8550230e+02
   6.8768847e+02
   6.9287920e+02
   7.0416023e+02
   7.1184537e+02
   7.1353867e+02
   7.1412957e+02
   7.1415633e+02
   7.1478427e+02
   7.1479193e+02
   7.2095207e+02
   7.2408243e+02
   7.2491157e+02
   7.2563200e+02
   7.2916997e+02
   7.2918157e+02
   7.3136293e+02
   7.3147077e+02
   7.3812720e+02
   7.4067013e+02
   7.4122670e+02
   7.4149870e+02
   7.4151473e+02
   7.4285607e+02
   7.4429183e+02
   7.4595357e+02
   7.4785267e+02
   7.4802967e+02
   7.5081350e+02
   7.5147133e+02
   7.5147317e+02
   7.5175217e+02
   7.5208670e+02
   7.5312307e+02
   7.5315257e+02
   7.5340323e+02
   7.5517493e+02
   7.5518203e+02
   7.5707110e+02
   7.5718990e+02
   7.6016740e+02
   7.6540827e+02
   7.6634177e+02
   7.6659100e+02
   7.6782260e+02
   7.7799683e+02
   8.0105967e+02
   8.0497817e+02
   8.0864023e+02
   8.1567537e+02
   8.1583553e+02
   8.1626467e+02
   8.2041827e+02
   8.2080010e+02
   8.2512290e+02
   8.2553210e+02
   8.2626157e+02
   8.2755993e+02
   8.2793110e+02
   8.3796533e+02
   8.4458100e+02
   8.4717147e+02
   8.4771590e+02
   8.4893130e+02
   8.5049520e+02
   8.5600073e+02
   8.6309333e+02
   8.6475750e+02
   8.6516230e+02
   8.6672763e+02
   8.6770857e+02
   8.6781040e+02
   8.7375253e+02
   8.8823630e+02
   8.9108650e+02
   8.9259583e+02
   8.9313533e+02
   8.9661730e+02
   8.9964717e+02
   9.0295687e+02
   9.0389503e+02
   9.0465263e+02
   9.0775583e+02
   9.0795993e+02
   9.1589750e+02
   9.1746137e+02
   9.1911067e+02
   9.2659357e+02
   9.3030613e+02
   9.3213733e+02
   9.3240793e+02
   9.3595683e+02
   9.5009203e+02
   9.5957460e+02
   9.6639483e+02
   9.6829323e+02
   9.8390897e+02
   9.9509883e+02
   1.0011446e+03
   1.0059000e+03
   1.0060172e+03
   1.0067466e+03
   1.0154154e+03
   1.0173780e+03
   1.0178267e+03
   1.0212257e+03
   1.0212518e+03
   1.0213861e+03
   1.0215204e+03
   1.0319881e+03
   1.0328002e+03
   1.0328045e+03
   1.0423760e+03
   1.0429055e+03
   1.0544507e+03
   1.0664399e+03
   1.0789355e+03
   1.0791785e+03
   1.0817552e+03
   1.0872068e+03
   1.0872440e+03
   1.0941152e+03
   1.1004974e+03
   1.1011286e+03
   1.1029181e+03
   1.1053318e+03
   1.1091530e+03
   1.1135726e+03
   1.1163615e+03
   1.1176792e+03
   1.1302157e+03
   1.1310687e+03
   1.1315270e+03
   1.1324029e+03
   1.1327082e+03
   1.1354793e+03
   1.1357404e+03
   1.1381502e+03
   1.1393163e+03
   1.1618581e+03
   1.1772853e+03
   1.1794152e+03
   1.1794853e+03
   1.1796307e+03
   1.1846155e+03
   1.1846292e+03
   1.1932800e+03
   1.1933749e+03
   1.1987924e+03
   1.2045000e+03
   1.2050308e+03
   1.2107216e+03
   1.2107289e+03
   1.2139129e+03
   1.2287078e+03
   1.2370837e+03
   1.2395723e+03
   1.2477472e+03
   1.2538687e+03
   1.2621060e+03
   1.2633034e+03
   1.2668263e+03
   1.2674635e+03
   1.2781194e+03
   1.2807015e+03
   1.2863362e+03
   1.2882667e+03
   1.2898036e+03
   1.2995743e+03
   1.3007061e+03
   1.3042185e+03
   1.3142416e+03
   1.3142538e+03
   1.3142767e+03
   1.3162141e+03
   1.3162273e+03
   1.3171194e+03
   1.3172948e+03
   1.3197881e+03
   1.3200929e+03
   1.3249215e+03
   1.3258749e+03
   1.3270866e+03
   1.3310118e+03
   1.3367605e+03
   1.3368147e+03
   1.3378045e+03
   1.3378907e+03
   1.3387217e+03
   1.3393778e+03
   1.3396634e+03
   1.3403462e+03
   1.3404595e+03
   1.3406543e+03
   1.3407697e+03
   1.3491755e+03
   1.3508554e+03
   1.3536225e+03
   1.3545788e+03
   1.3550298e+03
   1.3552277e+03
   1.3564970e+03
   1.3566389e+03
   1.3571587e+03
   1.3587161e+03
   1.3597264e+03
   1.3635442e+03
   1.3768574e+03
   1.3806341e+03
   1.3857658e+03
   1.3936854e+03
   1.3938451e+03
   1.3939071e+03
   1.3979510e+03
   1.3981845e+03
   1.3997510e+03
   1.3997574e+03
   1.4004197e+03
   1.4014715e+03
   1.4037751e+03
   1.4041506e+03
   1.4076824e+03
   1.4171981e+03
   1.4172175e+03
   1.4183406e+03
   1.4186613e+03
   1.4219745e+03
   1.4226252e+03
   1.4228488e+03
   1.4228694e+03
   1.4257470e+03
   1.4291396e+03
   1.4299952e+03
   1.4360348e+03
   1.4368301e+03
   1.4486853e+03
   1.4487290e+03
   1.4488454e+03
   1.4541048e+03
   1.4567789e+03
   1.4584387e+03
   1.4586508e+03
   1.4589293e+03
   1.4610848e+03
   1.4611461e+03
   1.4611701e+03
   1.4637063e+03
   1.4641276e+03
   1.4648715e+03
   1.4654393e+03
   1.4654702e+03
   1.4658338e+03
   1.4659947e+03
   1.4668773e+03
   1.4704686e+03
   1.4705042e+03
   1.4707396e+03
   1.4707536e+03
   1.4712213e+03
   1.4723069e+03
   1.4728414e+03
   1.4756512e+03
   1.4775602e+03
   1.4775874e+03
   1.4793829e+03
   1.4793901e+03
   1.4793992e+03
   1.4797574e+03
   1.4845256e+03
   1.4846129e+03
   1.4846202e+03
   1.4849591e+03
   1.4850338e+03
   1.4879276e+03
   1.4882374e+03
   1.4887768e+03
   1.4940073e+03
   1.4947549e+03
   1.4948389e+03
   1.4958031e+03
   1.5000322e+03
   1.5001704e+03
   1.5008853e+03
   1.5029070e+03
   1.5038680e+03
   1.5041166e+03
   1.5042049e+03
   1.5047116e+03
   1.5075819e+03
   1.5076227e+03
   1.5077641e+03
   1.5079394e+03
   1.5080054e+03
   1.5084775e+03
   1.5111100e+03
   1.5122955e+03
   1.5129043e+03
   1.5129388e+03
   1.5136046e+03
   1.5144897e+03
   1.5149832e+03
   1.5150410e+03
   1.5210924e+03
   1.5229520e+03
   1.5263010e+03
   1.5293675e+03
   1.5294493e+03
   1.5294750e+03
   1.5329727e+03
   1.5337821e+03
   1.5341461e+03
   1.5463580e+03
   1.5514935e+03
   1.5515428e+03
   1.5521830e+03
   1.5532552e+03
   1.5578848e+03
   1.5602032e+03
   1.5624851e+03
   1.5631110e+03
   1.5649776e+03
   1.5732403e+03
   1.5735191e+03
   1.5763675e+03
   1.5799817e+03
   1.5799854e+03
   1.5824164e+03
   1.5837567e+03
   1.5848520e+03
   1.5852157e+03
   1.5864355e+03
   1.5886875e+03
   1.5896366e+03
   1.5897087e+03
   1.5920687e+03
   1.5938633e+03
   1.5940405e+03
   1.5956216e+03
   1.5973847e+03
   1.6003595e+03
   1.6015206e+03
   1.6018042e+03
   1.6075946e+03
   1.6147995e+03
   1.6152257e+03
   1.6155530e+03
   1.6160873e+03
   1.6192009e+03
   1.6218461e+03
   1.6231191e+03
   1.6251734e+03
   1.6263320e+03
   1.6268234e+03
   1.6269767e+03
   1.6272867e+03
   1.6278654e+03
   1.6313725e+03
   1.6313750e+03
   1.6365492e+03
   1.6365628e+03
   1.6388102e+03
   1.6403835e+03
   1.6451627e+03
   1.6453122e+03
   1.6465577e+03
   1.6479314e+03
   1.6479516e+03
   1.6483693e+03
   1.6500800e+03
   1.6503713e+03
   1.6503774e+03
   1.6516833e+03
   1.6516912e+03
   1.6522276e+03
   1.6526519e+03
   1.6590722e+03
   1.6617805e+03
   1.6619561e+03
   1.6626251e+03
   1.6628317e+03
   1.6628543e+03
   1.6636675e+03
   1.6702690e+03
   1.6711311e+03
   1.6712684e+03
   1.6737597e+03
   1.6761894e+03
   1.6764985e+03
   1.6769182e+03
   1.6780808e+03
   1.6800130e+03
   1.6811135e+03
   1.6840673e+03
   1.6861979e+03
   1.6876047e+03
   1.6886057e+03
   1.6906090e+03
   1.6918133e+03
   1.6919423e+03
   1.6937637e+03
   1.6940412e+03
   1.6948048e+03
   1.6957508e+03
   1.6963532e+03
   1.6985131e+03
   1.7008516e+03
   1.7015352e+03
   1.7064541e+03
   1.7124345e+03
   1.7143694e+03
   1.7183967e+03
   1.7194580e+03
   1.7195195e+03
   1.7196028e+03
   1.7203324e+03
   1.7249159e+03
   1.7325017e+03
   1.7422810e+03
   1.7437748e+03
   1.7470574e+03
   1.7488450e+03
   1.7550966e+03
   1.7552834e+03
   1.7590032e+03
   1.7609409e+03
   1.7628600e+03
   1.7631741e+03
   1.7649785e+03
   1.7696352e+03
   1.7768695e+03
   1.7776935e+03
   1.7790889e+03
   1.7846567e+03
   1.7889005e+03
   1.7982608e+03
   1.8008601e+03
   1.8012516e+03
   1.8013321e+03
   1.8014091e+03
   1.8051374e+03
   1.8070440e+03
   1.8087031e+03
   1.8092720e+03
   1.8094141e+03
   1.8132137e+03
   1.8136291e+03
   1.8203513e+03
   1.8209810e+03
   1.8216907e+03
   1.8369802e+03
   1.8381910e+03
   1.8406753e+03
   1.8489296e+03
   1.8505347e+03
   1.8506697e+03
   1.8531411e+03
   1.8559927e+03
   1.8580527e+03
   1.8591822e+03
   1.8620532e+03
   1.8633253e+03
   1.8653994e+03
   1.8751977e+03
   1.8756935e+03
   1.8789173e+03
   1.8842993e+03
   1.8900215e+03
   1.8945252e+03
   1.8966284e+03
   1.8966560e+03
   1.9001886e+03
   1.9098372e+03
   1.9124582e+03
   1.9138552e+03
   1.9149882e+03
   1.9162181e+03
   1.9242139e+03
   1.9262770e+03
   1.9295574e+03
   1.9381601e+03
   1.9401092e+03
   1.9426054e+03
   1.9477949e+03
   1.9501673e+03
   1.9527661e+03
   1.9581429e+03
   1.9583150e+03
   1.9606615e+03
   1.9633688e+03
   1.9670523e+03
   1.9673334e+03
   1.9696022e+03
   1.9699743e+03
   1.9710813e+03
   1.9722107e+03
   1.9740038e+03
   1.9742799e+03
   1.9773055e+03
   1.9774917e+03
   1.9799622e+03
   1.9810375e+03
   1.9832755e+03
   1.9854153e+03
   1.9877335e+03
   1.9880086e+03
   1.9905828e+03
   2.0004395e+03
   2.0029174e+03
   2.0038160e+03
   2.0058454e+03
   2.0136078e+03
   2.0157662e+03
   2.0181666e+03
   2.0269127e+03
   2.0298413e+03
   2.0312784e+03
   2.0327813e+03
   2.0556354e+03
   2.0664866e+03
   2.0669598e+03
   2.0674999e+03
   2.0685241e+03
   2.0767001e+03
   2.0767280e+03
   2.0805872e+03
   2.0810501e+03
   2.0811555e+03
   2.0813077e+03
   2.0890600e+03
   2.1106327e+03
   2.1108039e+03
   2.1119274e+03
   2.1135727e+03
   2.1237689e+03
   2.1422619e+03
   2.1521986e+03
   2.1549887e+03
   2.1588630e+03
   2.1601313e+03
   2.1615595e+03
   2.1669990e+03
   2.1720122e+03
   2.1779492e+03
   2.1818910e+03
   2.1886558e+03
   2.1899346e+03
   2.1905781e+03
   2.1959908e+03
   2.1988880e+03
   2.2092102e+03
   2.2237327e+03
   2.2301740e+03
   2.2328221e+03
   2.2437069e+03
   2.2461615e+03
   2.2533792e+03
   2.2554133e+03
   2.2565881e+03
   2.2565949e+03
   2.2569923e+03
   2.2677679e+03
   2.2706703e+03
   2.2707680e+03
   2.2717479e+03
   2.2749080e+03
   2.2762749e+03
   2.2826375e+03
   2.2865984e+03
   2.2904393e+03
   2.2904608e+03
   2.2953419e+03
   2.2954188e+03
   2.2972817e+03
   2.3010447e+03
   2.3022402e+03
   2.3090472e+03
   2.3128476e+03
   2.3143452e+03
   2.3165196e+03
   2.3230876e+03
   2.3286874e+03
   2.3287492e+03
   2.3308298e+03
   2.3353592e+03
   2.3364494e+03
   2.3388342e+03
   2.3421043e+03
   2.3425277e+03
   2.3426890e+03
   2.3428707e+03
   2.3431300e+03
   2.3433895e+03
   2.3544867e+03
   2.3585174e+03
   2.3633648e+03
   2.3654720e+03
   2.3671046e+03
   2.3671134e+03
   2.3693772e+03
   2.3700157e+03
   2.3702053e+03
   2.3711020e+03
   2.3717742e+03
   2.3719905e+03
   2.3719976e+03
   2.3730367e+03
   2.3758665e+03
   2.3779573e+03
   2.3793244e+03
   2.3795152e+03
   2.3805857e+03
   2.3813556e+03
   2.3824874e+03
   2.3842200e+03
   2.3843425e+03
   2.3870817e+03
   2.3889351e+03
   2.3910056e+03
   2.3928149e+03
   2.4002385e+03
   2.4002496e+03
   2.4059182e+03
   2.4118439e+03
   2.4127829e+03
   2.4150175e+03
   2.4150379e+03
   2.4156583e+03
   2.4157609e+03
   2.4172734e+03
   2.4180514e+03
   2.4281740e+03
   2.4282505e+03
   2.4295748e+03
   2.4304321e+03
   2.4305546e+03
   2.4308490e+03
   2.4324590e+03
   2.4328927e+03
   2.4332728e+03
   2.4343903e+03
   2.4389674e+03
   2.4400130e+03
   2.4407786e+03
   2.4409493e+03
   2.4423027e+03
   2.4436006e+03
   2.4437607e+03
   2.4508526e+03
   2.4593346e+03
   2.4593533e+03
   2.4594143e+03
   2.4596697e+03
   2.4603373e+03
   2.4629789e+03
   2.4631717e+03
   2.4634533e+03
   2.4634599e+03
   2.4675857e+03
   2.4768975e+03
   2.4769122e+03
   2.4778409e+03
   2.4786876e+03
   2.4793542e+03
   2.4802908e+03
   2.4816371e+03
   2.4840408e+03
   2.4848752e+03
   2.4850493e+03
   2.4854117e+03
   2.4855219e+03
   2.4891731e+03
   2.4891978e+03
   2.4907558e+03
   2.4908879e+03
   2.4934248e+03
   2.4967811e+03
   2.4970529e+03
   2.4970693e+03
   2.4990007e+03
   2.4995660e+03
   2.5054152e+03
   2.5070154e+03
   2.5070220e+03
   2.5075855e+03
   2.5104754e+03
   2.5120782e+03
   2.5132725e+03
   2.5132820e+03
   2.5137008e+03
   2.5176034e+03
   2.5182787e+03
   2.5194555e+03
   2.5223667e+03
   2.5235251e+03
   2.5242975e+03
   2.5290011e+03
   2.5304642e+03
   2.5314216e+03
   2.5330452e+03
   2.5330472e+03
   2.5334926e+03
   2.5337164e+03
   2.5406694e+03
   2.5431273e+03
   2.5431555e+03
   2.5487055e+03
   2.5490810e+03
   2.5559892e+03
   2.5560920e+03
   2.5561783e+03
   2.5561914e+03
   2.5572768e+03
   2.5573052e+03
   2.5576965e+03
   2.5606880e+03
   2.5609666e+03
   2.5614123e+03
   2.5615669e+03
   2.5635173e+03
   2.5638489e+03
   2.5667835e+03
   2.5785044e+03
   2.5807833e+03
   2.5811465e+03
   2.5815377e+03
   2.5853568e+03
   2.5873828e+03
   2.5875048e+03
   2.5875570e+03
   2.5890809e+03
   2.5892328e+03
   2.5912438e+03
   2.5920921e+03
   2.5923058e+03
   2.5929700e+03
   2.5931648e+03
   2.5962352e+03
   2.5963685e+03
   2.6032897e+03
   2.6082952e+03
   2.6110863e+03
   2.6112190e+03
   2.6179441e+03
   2.6186575e+03
   2.6254692e+03
   2.6256907e+03
   2.6256940e+03
   2.6262710e+03
   2.6262937e+03
   2.6289271e+03
   2.6300723e+03
   2.6326009e+03
   2.6443443e+03
   2.6504343e+03
   2.6526116e+03
   2.6526710e+03
   2.6530676e+03
   2.6540129e+03
   2.6566002e+03
   2.6574955e+03
   2.6575054e+03
   2.6576768e+03
   2.6583441e+03
   2.6604126e+03
   2.6607720e+03
   2.6611650e+03
   2.6620837e+03
   2.6622983e+03
   2.6639734e+03
   2.6654457e+03
   2.6661084e+03
   2.6682654e+03
   2.6695371e+03
   2.6708520e+03
   2.6709548e+03
   2.6709589e+03
   2.6728590e+03
   2.6747353e+03
   2.6751331e+03
   2.6751490e+03
   2.6798042e+03
   2.6807414e+03
   2.6834478e+03
   2.6845267e+03
   2.6954199e+03
   2.7031267e+03
   2.7031385e+03
   2.7052979e+03
   2.7054769e+03
   2.7059926e+03
   2.7082717e+03
   2.7090208e+03
   2.7091910e+03
   2.7101054e+03
   2.7146029e+03
   2.7177454e+03
   2.7181859e+03
   2.7192729e+03
   2.7199481e+03
   2.7214066e+03
   2.7231527e+03
   2.7244202e+03
   2.7271981e+03
   2.7272113e+03
   2.7285355e+03
   2.7293674e+03
   2.7303617e+03
   2.7310101e+03
   2.7310429e+03
   2.7311409e+03
   2.7320947e+03
   2.7325403e+03
   2.7326335e+03
   2.7329754e+03
   2.7341526e+03
   2.7345288e+03
   2.7345994e+03
   2.7364442e+03
   2.7395434e+03
   2.7499817e+03
   2.7521579e+03
   2.7529262e+03
   2.7534708e+03
   2.7543043e+03
   2.7555649e+03
   2.7565827e+03
   2.7590708e+03
   2.7597269e+03
   2.7604499e+03
   2.7610051e+03
   2.7613175e+03
   2.7620000e+03
   2.7621602e+03
   2.7635035e+03
   2.7646291e+03
   2.7647255e+03
   2.7654108e+03
   2.7667158e+03
   2.7668178e+03
   2.7712689e+03
   2.7791018e+03
   2.7815907e+03
   2.7818345e+03
   2.7829568e+03
   2.7838512e+03
   2.7843100e+03
   2.7853165e+03
   2.7854499e+03
   2.7893474e+03
   2.7899829e+03
   2.7901256e+03
   2.7902587e+03
   2.7906646e+03
   2.7920864e+03
   2.7925936e+03
   2.7982128e+03
   2.7988065e+03
   2.7988742e+03
   2.8031969e+03
   2.8035988e+03
   2.8038617e+03
   2.8068154e+03
   2.8109173e+03
   2.8109778e+03
   2.8118801e+03
   2.8130793e+03
   2.8136184e+03
   2.8139045e+03
   2.8148356e+03
   2.8158661e+03
   2.8180032e+03
   2.8187791e+03
   2.8187854e+03
   2.8199827e+03
   2.8263830e+03
   2.8267414e+03
   2.8270282e+03
   2.8279463e+03
   2.8279467e+03
   2.8301716e+03
   2.8320780e+03
   2.8321319e+03
   2.8323501e+03
   2.8331751e+03
   2.8339161e+03
   2.8351562e+03
   2.8356109e+03
   2.8356923e+03
   2.8357756e+03
   2.8358392e+03
   2.8358638e+03
   2.8368453e+03
   2.8368493e+03
   2.8441980e+03
   2.8467839e+03
   2.8496426e+03
   2.8503159e+03
   2.8549931e+03
   2.8576922e+03
   2.8576972e+03
   2.8577320e+03
   2.8593842e+03
   2.8603142e+03
   2.8632589e+03
   2.8643113e+03
   2.8646368e+03
   2.8649944e+03
   2.8656089e+03
   2.8661600e+03
   2.8699072e+03
   2.8707227e+03
   2.8712360e+03
   2.8730650e+03
   2.8730776e+03
   2.8743824e+03
   2.8750926e+03
   2.8758626e+03
   2.8770776e+03
   2.8806535e+03
   2.8811136e+03
   2.8820207e+03
   2.8834160e+03
   2.8851098e+03
   2.8851515e+03
   2.8853335e+03
   2.8925093e+03
   2.8944206e+03
   2.8944610e+03
   2.8945146e+03
   2.8945713e+03
   2.8974576e+03
   2.8978522e+03
   2.9054497e+03
   2.9185278e+03
   2.9197129e+03
   2.9250373e+03
   2.9283936e+03
   2.9361557e+03
   2.9383260e+03
   2.9393305e+03
   2.9444583e+03
   2.9445310e+03
   2.9458240e+03
   2.9462356e+03
   2.9464917e+03
   2.9468147e+03
   2.9468340e+03
   2.9474844e+03
   2.9527038e+03
   2.9528003e+03
   2.9528147e+03
   2.9534893e+03
   2.9537215e+03
   2.9539778e+03
   2.9539940e+03
   2.9557020e+03
   2.9589254e+03
   2.9591002e+03
   2.9596558e+03
   2.9601250e+03
   2.9609539e+03
   2.9616308e+03
   2.9627990e+03
   2.9629530e+03
   2.9641438e+03
   2.9673664e+03
   2.9678160e+03
   2.9734064e+03
   2.9755174e+03
   2.9761321e+03
   2.9796151e+03
   2.9839470e+03
   2.9840047e+03
   2.9878215e+03
   2.9879011e+03
   2.9896607e+03
   2.9900918e+03
   2.9903634e+03
   2.9907950e+03
   2.9909967e+03
   2.9917296e+03
   2.9917789e+03
   2.9920765e+03
   2.9932815e+03
   2.9939532e+03
   2.9942684e+03
   3.0039629e+03
   3.0041134e+03
   3.0041558e+03
   3.0043265e+03
   3.0043411e+03
   3.0180346e+03
   3.0191390e+03
   3.0192467e+03
   3.0194567e+03
   3.0203542e+03
   3.0220206e+03
   3.0222254e+03
   3.0233586e+03
   3.0234889e+03
   3.0236199e+03
   3.0247402e+03
   3.0371074e+03
   3.0387235e+03
   3.0410220e+03
   3.0510808e+03
   3.0511601e+03
   3.0513068e+03
   3.0525104e+03
   3.0525390e+03
   3.0620870e+03
   3.0635034e+03
   3.0650718e+03
   3.0652687e+03
   3.0669294e+03
   3.0673359e+03
   3.0674397e+03
   3.0678674e+03
   3.0690681e+03
   3.0690731e+03
   3.0697090e+03
   3.0745856e+03
   3.0748788e+03
   3.0755892e+03
   3.0756681e+03
   3.0756994e+03
   3.0760309e+03
   3.0838573e+03
   3.0847981e+03
   3.0869508e+03
   3.0962021e+03
   3.0966460e+03
   3.0970796e+03
   3.0984241e+03
   3.1007212e+03
   3.1042720e+03
   3.1044021e+03
   3.1069406e+03
   3.1075258e+03
   3.1119701e+03
   3.1186427e+03
   3.1217113e+03
   3.1217263e+03
   3.1229907e+03
   3.1243062e+03
   3.1243311e+03
   3.1245055e+03
   3.1251914e+03
   3.1258471e+03
   3.1265800e+03
   3.1283415e+03
   3.1353059e+03
   3.1365254e+03
   3.1408358e+03
   3.1450905e+03
   3.1451107e+03
   3.1490043e+03
   3.1516756e+03
   3.1542131e+03
   3.1610371e+03
   3.1615070e+03
   3.1615490e+03
   3.1615706e+03
   3.1628119e+03
   3.1635762e+03
   3.1636692e+03
   3.1637018e+03
   3.1660317e+03
   3.1673170e+03
   3.1674669e+03
   3.1674898e+03
   3.1678471e+03
   3.1724806e+03
   3.1725925e+03
   3.1741734e+03
   3.1750715e+03
   3.1760968e+03
   3.1785629e+03
   3.1790333e+03
   3.1791960e+03
   3.1799037e+03
   3.1799119e+03
   3.1801281e+03
   3.1807461e+03
   3.1820016e+03
   3.1821053e+03
   3.1823853e+03
   3.1845552e+03
   3.1850174e+03
   3.1862608e+03
   3.1950161e+03
   3.1950390e+03
   3.1963286e+03
   3.1967696e+03
   3.1969055e+03
   3.1975989e+03
   3.2001995e+03
   3.2017234e+03
   3.2017974e+03
   3.2019366e+03
   3.2034370e+03
   3.2039008e+03
   3.2057536e+03
   3.2061935e+03
   3.2062011e+03
   3.2070405e+03
   3.2097455e+03
   3.2100818e+03
   3.2104916e+03
   3.2147245e+03
   3.2155830e+03
   3.2219701e+03
   3.2221521e+03
   3.2224274e+03
   3.2242297e+03
   3.2242470e+03
   3.2252155e+03
   3.2260355e+03
   3.2262699e+03
   3.2326902e+03
   3.2329167e+03
   3.2329701e+03
   3.2330533e+03
   3.2330582e+03
   3.2331871e+03
   3.2346193e+03
   3.2353083e+03
   3.2353491e+03
   3.2355251e+03
   3.2360296e+03
   3.2362948e+03
   3.2364158e+03
   3.2427828e+03
   3.2493336e+03
   3.2507394e+03
   3.2516043e+03
   3.2572436e+03
   3.2577559e+03
   3.2615016e+03
   3.2621585e+03
   3.2627671e+03
   3.2640422e+03
   3.2640552e+03
   3.2646541e+03
   3.2660861e+03
   3.2681127e+03
   3.2683622e+03
   3.2685851e+03
   3.2696247e+03
   3.2707841e+03
   3.2710959e+03
   3.2738618e+03
   3.2738779e+03
   3.2746314e+03
   3.2748382e+03
   3.2773487e+03
   3.2839476e+03
   3.2861637e+03
   3.2861728e+03
   3.2862308e+03
   3.2863389e+03
   3.2889749e+03
   3.2907872e+03
   3.2992706e+03
   3.3124992e+03
   3.3157239e+03
   3.3179078e+03
   3.3179695e+03
   3.3182885e+03
   3.3184074e+03
   3.3205815e+03
   3.3229507e+03
   3.3282184e+03
   3.3292210e+03
   3.3301882e+03
   3.3320449e+03
   3.3327597e+03
   3.3339675e+03
   3.3342980e+03
   3.3343997e+03
   3.3345009e+03
   3.3356366e+03
   3.3369854e+03
   3.3371811e+03
   3.3386128e+03
   3.3424892e+03
   3.3427320e+03
   3.3433884e+03
   3.3459073e+03
   3.3460149e+03
   3.3499319e+03
   3.3587837e+03
   3.3617039e+03
   3.3631719e+03
   3.3631793e+03
   3.3648962e+03
   3.3668065e+03
   3.3675735e+03
   3.3690794e+03
   3.3695267e+03
   3.3695479e+03
   3.3697225e+03
   3.3701650e+03
   3.3702912e+03
   3.3713752e+03
   3.3733565e+03
   3.3751720e+03
   3.3770120e+03
   3.3777509e+03
   3.3796612e+03
   3.3836336e+03
   3.3837771e+03
   3.3860026e+03
   3.3864719e+03
   3.3955451e+03
   3.4040719e+03
   3.4072921e+03
   3.4106449e+03
   3.4136193e+03
   3.4137012e+03
   3.4165451e+03
   3.4167752e+03
   3.4203281e+03
   3.4222396e+03
   3.4223644e+03
   3.4225423e+03
   3.4229055e+03
   3.4273616e+03
   3.4276180e+03
   3.4306214e+03
   3.4307817e+03
   3.4351698e+03
   3.4372862e+03
   3.4376707e+03
   3.4382744e+03
   3.4385449e+03
   3.4392015e+03
   3.4392798e+03
   3.4405675e+03
   3.4407436e+03
   3.4421999e+03
   3.4453365e+03
   3.4459296e+03
   3.4513491e+03
   3.4518287e+03
   3.4541977e+03
   3.4557622e+03
   3.4666744e+03
   3.4677677e+03
   3.4680355e+03
   3.4681281e+03
   3.4714400e+03
   3.4716700e+03
   3.4720060e+03
   3.4734497e+03
   3.4798280e+03
   3.4802613e+03
   3.4805611e+03
   3.4807780e+03
   3.4807979e+03
   3.4819731e+03
   3.4851612e+03
   3.4852675e+03
   3.4859213e+03
   3.4899553e+03
   3.4947612e+03
   3.4951275e+03
   3.4952435e+03
   3.4957071e+03
   3.4962773e+03
   3.4980512e+03
   3.5097847e+03
   3.5117785e+03
   3.5146527e+03
   3.5146964e+03
   3.5173175e+03
   3.5258319e+03
   3.5263367e+03
   3.5284640e+03
   3.5299735e+03
   3.5312309e+03
   3.5313871e+03
   3.5314159e+03
   3.5315679e+03
   3.5338479e+03
   3.5341568e+03
   3.5364314e+03
   3.5367767e+03
   3.5397191e+03
   3.5410319e+03
   3.5419461e+03
   3.5425277e+03
   3.5476448e+03
   3.5509546e+03
   3.5510394e+03
   3.5568755e+03
   3.5663608e+03
   3.5663669e+03
   3.5666289e+03
   3.5677932e+03
   3.5682201e+03
   3.5695009e+03
   3.5716243e+03
   3.5717333e+03
   3.5719991e+03
   3.5729300e+03
   3.5729368e+03
   3.5730532e+03
   3.5730650e+03
   3.5731186e+03
   3.5823361e+03
   3.5900853e+03
   3.5901704e+03
   3.5903194e+03
   3.5906441e+03
   3.5906651e+03
   3.5907106e+03
   3.5937692e+03
   3.5969035e+03
   3.5986257e+03
   3.5995372e+03
   3.6007660e+03
   3.6011771e+03
   3.6044027e+03
   3.6048932e+03
   3.6050924e+03
   3.6080973e+03
   3.6088690e+03
   3.6126165e+03
   3.6138017e+03
   3.6138411e+03
   3.6142259e+03
   3.6143137e+03
   3.6150864e+03
   3.6153142e+03
   3.6154641e+03
   3.6156469e+03
   3.6156854e+03
   3.6201270e+03
   3.6205629e+03
   3.6226949e+03
   3.6285480e+03
   3.6299756e+03
   3.6307284e+03
   3.6352860e+03
   3.6355306e+03
   3.6416130e+03
   3.6499966e+03
   3.6502536e+03
   3.6504952e+03
   3.6625063e+03
   3.6677168e+03
   3.6684744e+03
   3.6718543e+03
   3.6754686e+03
   3.6754791e+03
   3.6789134e+03
   3.6807673e+03
   3.6831645e+03
   3.6947074e+03
   3.6952185e+03
   3.6986853e+03
   3.7017407e+03
   3.7042074e+03
   3.7046717e+03
   3.7053981e+03
   3.7057940e+03
   3.7081280e+03
   3.7093955e+03
   3.7104772e+03
   3.7136971e+03
   3.7206261e+03
   3.7212049e+03
   3.7230374e+03
   3.7272775e+03
   3.7325582e+03
   3.7328076e+03
   3.7335331e+03
   3.7336318e+03
   3.7346627e+03
   3.7355076e+03
   3.7364547e+03
   3.7382064e+03
   3.7395395e+03
   3.7397973e+03
   3.7417162e+03
   3.7593113e+03
   3.7596329e+03
   3.7599039e+03
   3.7600972e+03
   3.7625139e+03
   3.7625304e+03
   3.7658317e+03
   3.7668006e+03
   3.7680724e+03
   3.7689515e+03
   3.7691109e+03
   3.7712812e+03
   3.7714666e+03
   3.7725615e+03
   3.7725670e+03
   3.7745230e+03
   3.7759209e+03
   3.7760376e+03
   3.7799674e+03
   3.7813837e+03
   3.7815002e+03
   3.7864914e+03
   3.7971894e+03
   3.7978149e+03
   3.8003680e+03
   3.8026029e+03
   3.8055012e+03
   3.8063535e+03
   3.8128833e+03
   3.8169845e+03
   3.8201434e+03
   3.8245273e+03
   3.8248529e+03
   3.8306743e+03
   3.8315697e+03
   3.8327915e+03
   3.8331791e+03
   3.8346792e+03
   3.8385428e+03
   3.8396457e+03
   3.8397654e+03
   3.8430221e+03
   3.8479722e+03
   3.8529902e+03
   3.8560988e+03
   3.8574730e+03
   3.8639286e+03
   3.8639840e+03
   3.8646959e+03
   3.8656735e+03
   3.8679326e+03
   3.8694946e+03
   3.8704328e+03
   3.8742819e+03
   3.8764814e+03
   3.8767853e+03
   3.8920359e+03
   3.8962935e+03
   3.9053275e+03
   3.9054240e+03
   3.9070873e+03
   3.9077085e+03
   3.9083795e+03
   3.9098201e+03
   3.9101655e+03
   3.9115601e+03
   3.9139109e+03
   3.9165619e+03
   3.9189193e+03
   3.9190573e+03
   3.9196830e+03
   3.9200165e+03
   3.9206707e+03
   3.9207132e+03
   3.9237103e+03
   3.9244177e+03
   3.9255648e+03
   3.9258306e+03
   3.9263505e+03
   3.9265032e+03
   3.9273994e+03
   3.9287450e+03
   3.9447484e+03
   3.9529843e+03
   3.9531291e+03
   3.9563760e+03
   3.9583014e+03
   3.9623982e+03
   3.9625233e+03
   3.9683174e+03
   3.9760036e+03
   3.9766290e+03
   3.9837994e+03
   3.9864176e+03
   3.9864255e+03
   3.9865673e+03
   3.9927060e+03
   3.9927130e+03
   3.9938426e+03
   3.9991202e+03
   3.9993138e+03
   3.9994430e+03
   4.0022929e+03
   4.0031761e+03
   4.0032853e+03
   4.0134670e+03
   4.0143927e+03
   4.0144069e+03
   4.0146382e+03
   4.0150134e+03
   4.0153791e+03
   4.0155321e+03
   4.0155580e+03
   4.0158954e+03
   4.0158958e+03
   4.0159075e+03
   4.0160159e+03
   4.0216810e+03
   4.0219707e+03
   4.0228498e+03
   4.0229726e+03
   4.0237784e+03
   4.0255195e+03
   4.0302560e+03
   4.0307440e+03
   4.0323398e+03
   4.0415734e+03
   4.0416295e+03
   4.0426285e+03
   4.0432230e+03
   4.0490193e+03
   4.0510536e+03
   4.0568121e+03
   4.0589262e+03
   4.0640286e+03
   4.0656992e+03
   4.0772436e+03
   4.0786169e+03
   4.0789112e+03
   4.0790342e+03
   4.0797230e+03
   4.0799665e+03
   4.0807452e+03
   4.0809128e+03
   4.0820254e+03
   4.0825762e+03
   4.0847873e+03
   4.0878217e+03
   4.0919354e+03
   4.0960046e+03
   4.0971416e+03
   4.0981799e+03
   4.0983012e+03
   4.0986972e+03
   4.0987119e+03
   4.1001976e+03
   4.1002333e+03
   4.1008299e+03
   4.1009413e+03
   4.1030070e+03
   4.1037942e+03
   4.1061623e+03
   4.1066172e+03
   4.1069089e+03
   4.1107787e+03
   4.1126453e+03
   4.1133176e+03
   4.1214433e+03
   4.1221240e+03
   4.1227340e+03
   4.1249763e+03
   4.1259466e+03
   4.1326300e+03
   4.1399311e+03
   4.1412748e+03
   4.1412954e+03
   4.1421775e+03
   4.1442372e+03
   4.1443595e+03
   4.1481913e+03
   4.1504696e+03
   4.1507484e+03
   4.1509734e+03
   4.1510873e+03
   4.1511572e+03
   4.1518401e+03
   4.1519484e+03
   4.1526048e+03
   4.1526124e+03
   4.1528775e+03
   4.1528842e+03
   4.1529773e+03
   4.1534567e+03
   4.1534701e+03
   4.1570875e+03
   4.1614674e+03
   4.1614849e+03
   4.1634134e+03
   4.1653535e+03
   4.1688307e+03
   4.1731231e+03
   4.1733888e+03
   4.1738361e+03
   4.1742660e+03
   4.1764155e+03
   4.1770685e+03
   4.1773012e+03
   4.1784310e+03
   4.1835327e+03
   4.1852081e+03
   4.1915818e+03
   4.1940244e+03
   4.1991096e+03
   4.2031462e+03
   4.2047234e+03
   4.2056151e+03
   4.2059325e+03
   4.2065301e+03
   4.2070075e+03
   4.2086387e+03
   4.2172480e+03
   4.2182692e+03
   4.2199648e+03
   4.2200148e+03
   4.2201260e+03
   4.2220891e+03
   4.2229869e+03
   4.2238023e+03
   4.2247508e+03
   4.2248995e+03
   4.2255735e+03
   4.2273796e+03
   4.2276347e+03
   4.2289902e+03
   4.2313687e+03
   4.2315844e+03
   4.2338840e+03
   4.2352629e+03
   4.2355806e+03
   4.2359590e+03
   4.2382936e+03
   4.2383672e+03
   4.2499406e+03
   4.2555234e+03
   4.2576388e+03
   4.2623869e+03
   4.2631688e+03
   4.2655380e+03
   4.2739952e+03
   4.2756445e+03
   4.2756634e+03
   4.2757108e+03
   4.2771022e+03
   4.2782069e+03
   4.2785420e+03
   4.2786471e+03
   4.2808087e+03
   4.2846513e+03
   4.2855596e+03
   4.2890410e+03
   4.2891807e+03
   4.2900383e+03
   4.2966069e+03
   4.2967177e+03
   4.2968413e+03
   4.2987929e+03
   4.3009672e+03
   4.3133354e+03
   4.3429204e+03
   4.3466156e+03
   4.3469457e+03
   4.3547606e+03
   4.3548077e+03
   4.3555738e+03
   4.3565220e+03
   4.3595457e+03
   4.3600274e+03
   4.3619948e+03
   4.3784928e+03
   4.3814631e+03
   4.3827554e+03
   4.3845087e+03
   4.3845866e+03
   4.3846506e+03
   4.3864373e+03
   4.3865454e+03
   4.3865534e+03
   4.3866828e+03
   4.3917631e+03
   4.3925021e+03
   4.3940840e+03
   4.3971689e+03
   4.3978256e+03
   4.3978355e+03
   4.3985751e+03
   4.3997068e+03
   4.3998648e+03
   4.4000889e+03
   4.4005921e+03
   4.4045427e+03
   4.4046693e+03
   4.4064239e+03
   4.4066057e+03
   4.4074739e+03
   4.4078115e+03
   4.4078193e+03
   4.4080093e+03
   4.4085739e+03
   4.4106548e+03
   4.4106552e+03
   4.4163427e+03
   4.4168029e+03
   4.4173994e+03
   4.4187893e+03
   4.4210578e+03
   4.4337694e+03
   4.4355218e+03
   4.4356195e+03
   4.4362054e+03
   4.4363798e+03
   4.4373956e+03
   4.4393081e+03
   4.4393202e+03
   4.4450998e+03
   4.4457707e+03
   4.4481853e+03
   4.4483689e+03
   4.4485033e+03
   4.4499287e+03
   4.4501534e+03
   4.4534619e+03
   4.4536333e+03
   4.4540960e+03
   4.4542001e+03
   4.4563453e+03
   4.4582778e+03
   4.4658387e+03
   4.4687561e+03
   4.4693470e+03
   4.4759061e+03
   4.4764328e+03
   4.4778894e+03
   4.4781200e+03
   4.4832789e+03
   4.4883201e+03
   4.4884693e+03
   4.4912332e+03
   4.4925330e+03
   4.5016169e+03
   4.5039468e+03
   4.5045278e+03
   4.5075623e+03
   4.5077217e+03
   4.5088634e+03
   4.5100724e+03
   4.5110435e+03
   4.5113095e+03
   4.5121916e+03
   4.5190851e+03
   4.5205320e+03
   4.5223305e+03
   4.5261324e+03
   4.5272708e+03
   4.5318226e+03
   4.5319531e+03
   4.5326992e+03
   4.5328054e+03
   4.5328793e+03
   4.5330012e+03
   4.5407510e+03
   4.5449594e+03
   4.5640514e+03
   4.5646934e+03
   4.5679774e+03
   4.5710948e+03
   4.5722887e+03
   4.5762551e+03
   4.5763660e+03
   4.5778451e+03
   4.5799947e+03
   4.5830337e+03
   4.5868719e+03
   4.5933422e+03
   4.5933698e+03
   4.6014366e+03
   4.6022214e+03
   4.6028931e+03
   4.6036582e+03
   4.6055070e+03
   4.6056433e+03
   4.6058695e+03
   4.6061341e+03
   4.6071742e+03
   4.6105513e+03
   4.6122086e+03
   4.6122150e+03
   4.6149681e+03
   4.6149843e+03
   4.6151682e+03
   4.6156033e+03
   4.6157654e+03
   4.6158380e+03
   4.6167222e+03
   4.6179528e+03
   4.6185733e+03
   4.6195559e+03
   4.6195888e+03
   4.6214940e+03
   4.6232810e+03
   4.6339799e+03
   4.6343032e+03
   4.6359251e+03
   4.6442135e+03
   4.6462999e+03
   4.6463193e+03
   4.6471022e+03
   4.6472654e+03
   4.6515322e+03
   4.6516639e+03
   4.6517277e+03
   4.6519695e+03
   4.6574086e+03
   4.6583287e+03
   4.6584989e+03
   4.6599541e+03
   4.6620477e+03
   4.6638011e+03
   4.6645321e+03
   4.6806530e+03
   4.6967190e+03
   4.6992194e+03
   4.7009170e+03
   4.7024712e+03
   4.7030501e+03
   4.7038811e+03
   4.7067734e+03
   4.7109399e+03
   4.7122459e+03
   4.7202087e+03
   4.7202155e+03
   4.7278667e+03
   4.7292072e+03
   4.7295488e+03
   4.7304439e+03
   4.7306699e+03
   4.7307814e+03
   4.7329036e+03
   4.7334754e+03
   4.7350870e+03
   4.7364070e+03
   4.7378846e+03
   4.7394110e+03
   4.7502836e+03
   4.7504126e+03
   4.7508000e+03
   4.7592235e+03
   4.7595049e+03
   4.7599736e+03
   4.7613271e+03
   4.7616043e+03
   4.7618828e+03
   4.7620080e+03
   4.7621380e+03
   4.7622441e+03
   4.7627827e+03
   4.7644468e+03
   4.7648834e+03
   4.7654914e+03
   4.7660308e+03
   4.7665610e+03
   4.7670361e+03
   4.7676415e+03
   4.7684041e+03
   4.7684163e+03
   4.7688669e+03
   4.7691234e+03
   4.7696497e+03
   4.7698302e+03
   4.7705403e+03
   4.7740480e+03
   4.7742908e+03
   4.7745924e+03
   4.7749728e+03
   4.7773189e+03
   4.7781738e+03
   4.7786196e+03
   4.7792000e+03
   4.7797347e+03
   4.7806777e+03
   4.7815159e+03
   4.7819559e+03
   4.7827721e+03
   4.7837274e+03
   4.7858242e+03
   4.7918198e+03
   4.7925567e+03
   4.7926318e+03
   4.7930954e+03
   4.7935734e+03
   4.7940581e+03
   4.8001408e+03
   4.8032951e+03
   4.8038234e+03
   4.8053635e+03
   4.8055610e+03
   4.8058721e+03
   4.8063231e+03
   4.8110369e+03
   4.8124873e+03
   4.8129704e+03
   4.8151567e+03
   4.8157766e+03
   4.8159272e+03
   4.8160727e+03
   4.8166993e+03
   4.8170173e+03
   4.8173950e+03
   4.8176155e+03
   4.8183347e+03
   4.8198665e+03
   4.8219496e+03
   4.8249060e+03
   4.8268760e+03
   4.8285765e+03
   4.8291766e+03
   4.8296380e+03
   4.8302535e+03
   4.8305476e+03
   4.8307370e+03
   4.8366994e+03
   4.8374098e+03
   4.8378457e+03
   4.8387779e+03
   4.8389087e+03
   4.8464518e+03
   4.8479084e+03
   4.8493086e+03
   4.8560750e+03
   4.8562243e+03
   4.8562971e+03
   4.8565253e+03
   4.8569022e+03
   4.8573055e+03
   4.8584014e+03
   4.8587041e+03
   4.8589078e+03
   4.8644647e+03
   4.8677820e+03
   4.8695607e+03
   4.8838517e+03
   4.8845811e+03
   4.8950982e+03
   4.8962370e+03
   4.8972735e+03
   4.8975187e+03
   4.8990083e+03
   4.9003287e+03
   4.9007280e+03
   4.9025394e+03
   4.9039792e+03
   4.9040133e+03
   4.9041261e+03
   4.9044495e+03
   4.9053134e+03
   4.9059994e+03
   4.9092757e+03
   4.9111995e+03
   4.9121070e+03
   4.9141902e+03
   4.9149370e+03
   4.9156295e+03
   4.9163312e+03
   4.9194877e+03
   4.9195494e+03
   4.9199309e+03
   4.9205528e+03
   4.9216429e+03
   4.9222534e+03
   4.9239759e+03
   4.9262859e+03
   4.9267513e+03
   4.9288153e+03
   4.9303482e+03
   4.9311535e+03
   4.9311977e+03
   4.9369196e+03
   4.9383772e+03
   4.9403560e+03
   4.9407446e+03
   4.9415203e+03
   4.9417623e+03
   4.9429879e+03
   4.9444215e+03
   4.9449452e+03
   4.9462129e+03
   4.9471501e+03
   4.9474507e+03
   4.9478716e+03
   4.9496508e+03
   4.9521788e+03
   4.9533621e+03
   4.9539218e+03
   4.9546887e+03
   4.9551196e+03
   4.9552152e+03
   4.9568517e+03
   4.9579035e+03
   4.9640831e+03
   4.9655885e+03
   4.9659174e+03
   4.9661543e+03
   4.9674412e+03
   4.9685207e+03
   4.9696182e+03
   4.9698462e+03
   4.9706656e+03
   4.9820406e+03
   4.9836450e+03
   4.9843809e+03
   4.9853848e+03
   4.9861435e+03
   4.9883976e+03
   4.9932108e+03
   4.9945867e+03
   4.9948570e+03
   4.9962714e+03
   4.9963403e+03
   4.9972275e+03
   4.9974607e+03
   5.0001991e+03
   5.0014660e+03
   5.0020369e+03
   5.0023929e+03
   5.0031102e+03
   5.0039109e+03
   5.0041553e+03
   5.0046416e+03
   5.0050994e+03
   5.0082953e+03
   5.0169382e+03
   5.0196040e+03
   5.0201783e+03
   5.0250846e+03
   5.0313834e+03
   5.0342173e+03
   5.0365833e+03
   5.0370013e+03
   5.0377060e+03
   5.0449614e+03
   5.0452889e+03
   5.0453160e+03
   5.0457428e+03
   5.0475272e+03
   5.0483635e+03
   5.0524199e+03
   5.0579554e+03
   5.0636446e+03
   5.0674255e+03
   5.0694926e+03
   5.0698158e+03
   5.0713215e+03
   5.0745274e+03
   5.0748338e+03
   5.0753712e+03
   5.0760722e+03
   5.0776525e+03
   5.0783409e+03
   5.0786903e+03
   5.0789980e+03
   5.0863660e+03
   5.0895247e+03
   5.0949453e+03
   5.0957053e+03
   5.0972829e+03
   5.0989935e+03
   5.1064716e+03
   5.1103773e+03
   5.1105673e+03
   5.1112422e+03
   5.1118147e+03
   5.1129380e+03
   5.1130623e+03
   5.1140676e+03
   5.1153440e+03
   5.1158039e+03
   5.1165932e+03
   5.1178361e+03
   5.1178981e+03
   5.1179422e+03
   5.1194348e+03
   5.1195201e+03
   5.1203330e+03
   5.1278954e+03
   5.1335981e+03
   5.1396761e+03
   5.1414903e+03
   5.1415781e+03
   5.1417042e+03
   5.1432166e+03
   5.1433454e+03
   5.1444485e+03
   5.1465847e+03
   5.1466513e+03
   5.1495128e+03
   5.1699135e+03
   5.1750829e+03
   5.1753436e+03
   5.1760495e+03
   5.1762843e+03
   5.1822582e+03
   5.1841739e+03
   5.1857994e+03
   5.1908482e+03
   5.1910219e+03
   5.1929432e+03
   5.2016105e+03
   5.2022875e+03
   5.2025990e+03
   5.2028986e+03
   5.2035433e+03
   5.2052608e+03
   5.2064435e+03
   5.2069073e+03
   5.2179896e+03
   5.2225790e+03
   5.2255043e+03
   5.2255276e+03
   5.2262153e+03
   5.2266696e+03
   5.2272248e+03
   5.2288993e+03
   5.2290122e+03
   5.2302006e+03
   5.2307010e+03
   5.2308375e+03
   5.2324634e+03
   5.2326187e+03
   5.2436593e+03
   5.2580590e+03
   5.2585540e+03
   5.2589775e+03
   5.2667546e+03
   5.2692604e+03
   5.2720691e+03
   5.2792736e+03
   5.2815951e+03
   5.2833237e+03
   5.2837303e+03
   5.2843228e+03
   5.2845556e+03
   5.2847994e+03
   5.2862861e+03
   5.2949438e+03
   5.2963266e+03
   5.2993554e+03
   5.3002500e+03
   5.3017149e+03
   5.3040585e+03
   5.3065644e+03
   5.3100134e+03
   5.3102076e+03
   5.3105171e+03
   5.3110348e+03
   5.3112432e+03
   5.3113143e+03
   5.3117334e+03
   5.3155468e+03
   5.3163109e+03
   5.3214300e+03
   5.3238987e+03
   5.3260476e+03
   5.3366028e+03
   5.3388318e+03
   5.3431288e+03
   5.3445715e+03
   5.3450313e+03
   5.3453055e+03
   5.3470374e+03
   5.3470605e+03
   5.3505627e+03
   5.3520827e+03
   5.3523983e+03
   5.3524395e+03
   5.3525874e+03
   5.3548071e+03
   5.3550536e+03
   5.3550801e+03
   5.3555323e+03
   5.3563332e+03
   5.3564089e+03
   5.3572125e+03
   5.3575657e+03
   5.3604635e+03
   5.3683877e+03
   5.3712047e+03
   5.3744728e+03
   5.3745023e+03
   5.3781835e+03
   5.3799106e+03
   5.3800876e+03
   5.3805980e+03
   5.3807773e+03
   5.3812765e+03
   5.3819542e+03
   5.3840456e+03
   5.3851333e+03
   5.3852332e+03
   5.3856398e+03
   5.3858658e+03
   5.3863888e+03
   5.3880710e+03
   5.3883036e+03
   5.3894398e+03
   5.3899830e+03
   5.3906870e+03
   5.3935895e+03
   5.3985111e+03
   5.3992142e+03
   5.3997257e+03
   5.4002710e+03
   5.4020793e+03
   5.4029156e+03
   5.4038488e+03
   5.4043886e+03
   5.4090867e+03
   5.4100672e+03
   5.4139037e+03
   5.4143287e+03
   5.4153388e+03
   5.4157595e+03
   5.4163700e+03
   5.4183635e+03
   5.4186576e+03
   5.4196421e+03
   5.4232272e+03
   5.4233541e+03
   5.4248864e+03
   5.4280710e+03
   5.4289849e+03
   5.4292599e+03
   5.4292614e+03
   5.4435507e+03
   5.4435663e+03
   5.4475860e+03
   5.4486240e+03
   5.4490914e+03
   5.4506372e+03
   5.4515059e+03
   5.4555320e+03
   5.4576433e+03
   5.4638513e+03
   5.4676869e+03
   5.4690856e+03
   5.4729455e+03
   5.4755841e+03
   5.4761832e+03
   5.4768554e+03
   5.4772629e+03
   5.4805031e+03
   5.4808580e+03
   5.4810746e+03
   5.4816993e+03
   5.4832896e+03
   5.4834847e+03
   5.4836115e+03
   5.4839421e+03
   5.4881252e+03
   5.4908686e+03
   5.4914159e+03
   5.4919612e+03
   5.4941181e+03
   5.4956908e+03
   5.4965599e+03
   5.4969741e+03
   5.4973937e+03
   5.5053027e+03
   5.5108615e+03
   5.5126466e+03
   5.5130850e+03
   5.5140072e+03
   5.5142648e+03
   5.5143726e+03
   5.5143822e+03
   5.5144071e+03
   5.5152942e+03
   5.5153930e+03
   5.5238775e+03
   5.5241120e+03
   5.5263811e+03
   5.5288735e+03
   5.5294995e+03
   5.5361648e+03
   5.5366563e+03
   5.5388594e+03
   5.5406087e+03
   5.5413327e+03
   5.5419160e+03
   5.5444454e+03
   5.5463255e+03
   5.5490657e+03
   5.5526628e+03
   5.5630792e+03
   5.5635154e+03
   5.5770433e+03
   5.5774096e+03
   5.5775636e+03
   5.5814429e+03
   5.5895099e+03
   5.6064415e+03
   5.6064852e+03
   5.6068145e+03
   5.6078857e+03
   5.6115661e+03
   5.6117833e+03
   5.6121241e+03
   5.6122794e+03
   5.6129514e+03
   5.6148523e+03
   5.6168310e+03
   5.6239839e+03
   5.6244252e+03
   5.6291014e+03
   5.6298311e+03
   5.6302293e+03
   5.6303256e+03
   5.6307982e+03
   5.6341773e+03
   5.6356090e+03
   5.6361833e+03
   5.6369507e+03
   5.6373000e+03
   5.6388033e+03
   5.6391650e+03
   5.6394973e+03
   5.6397616e+03
   5.6401615e+03
   5.6403807e+03
   5.6428390e+03
   5.6490780e+03
   5.6501881e+03
   5.6537550e+03
   5.6583418e+03
   5.6736288e+03
   5.6753381e+03
   5.6754225e+03
   5.6773718e+03
   5.6788828e+03
   5.6795043e+03
   5.6796624e+03
   5.6806403e+03
   5.6809035e+03
   5.6817068e+03
   5.6878232e+03
   5.6889458e+03
   5.6935157e+03
   5.7022747e+03
   5.7041577e+03
   5.7042583e+03
   5.7058095e+03
   5.7071077e+03
   5.7072485e+03
   5.7082268e+03
   5.7084866e+03
   5.7092515e+03
   5.7102656e+03
   5.7121816e+03
   5.7130288e+03
   5.7226895e+03
   5.7232429e+03
   5.7278063e+03
   5.7281583e+03
   5.7347621e+03
   5.7418611e+03
   5.7419215e+03
   5.7419455e+03
   5.7438954e+03
   5.7453133e+03
   5.7453386e+03
   5.7478873e+03
   5.7495133e+03
   5.7610201e+03
   5.7631888e+03
   5.7671614e+03
   5.7673110e+03
   5.7680488e+03
   5.7709563e+03
   5.7715552e+03
   5.7797619e+03
   5.7810675e+03
   5.7812887e+03
   5.7816175e+03
   5.7844935e+03
   5.7855983e+03
   5.7864724e+03
   5.7873338e+03
   5.7881331e+03
   5.7901524e+03
   5.7905411e+03
   5.7973274e+03
   5.8031990e+03
   5.8032651e+03
   5.8035261e+03
   5.8039925e+03
   5.8087644e+03
   5.8102215e+03
   5.8119091e+03
   5.8122172e+03
   5.8123747e+03
   5.8156099e+03
   5.8163675e+03
   5.8219446e+03
   5.8262667e+03
   5.8263723e+03
   5.8289421e+03
   5.8290737e+03
   5.8316807e+03
   5.8318121e+03
   5.8322851e+03
   5.8336053e+03
   5.8339703e+03
   5.8341825e+03
   5.8353432e+03
   5.8354799e+03
   5.8599841e+03
   5.8609976e+03
   5.8619621e+03
   5.8625284e+03
   5.8629402e+03
   5.8655275e+03
   5.8657049e+03
   5.8714634e+03
   5.8722584e+03
   5.8837175e+03
   5.8888288e+03
   5.8931140e+03
   5.8931228e+03
   5.8931284e+03
   5.8932414e+03
   5.8965783e+03
   5.8965874e+03
   5.8991110e+03
   5.9021927e+03
   5.9068495e+03
   5.9125974e+03
   5.9173139e+03
   5.9177479e+03
   5.9192882e+03
   5.9199876e+03
   5.9254812e+03
   5.9256006e+03
   5.9257908e+03
   5.9261211e+03
   5.9261940e+03
   5.9263692e+03
   5.9268242e+03
   5.9332668e+03
   5.9365163e+03
   5.9382561e+03
   5.9414760e+03
   5.9430933e+03
   5.9460850e+03
   5.9474828e+03
   5.9484612e+03
   5.9546270e+03
   5.9568307e+03
   5.9573784e+03
   5.9589151e+03
   5.9664713e+03
   5.9731858e+03
   5.9762718e+03
   5.9788632e+03
   5.9822840e+03
   5.9827678e+03
   5.9841321e+03
   5.9901828e+03
   5.9903859e+03
   6.0004802e+03
   6.0081112e+03
   6.0081820e+03
   6.0085760e+03
   6.0112025e+03
   6.0138490e+03
   6.0141239e+03
   6.0141616e+03
   6.0163508e+03
   6.0165739e+03
   6.0184580e+03
   6.0194684e+03
   6.0246594e+03
   6.0253488e+03
   6.0291427e+03
   6.0297298e+03
   6.0307914e+03
   6.0308212e+03
   6.0324914e+03
   6.0390431e+03
   6.0431001e+03
   6.0446711e+03
   6.0465957e+03
   6.0510185e+03
   6.0513918e+03
   6.0528694e+03
   6.0529591e+03
   6.0529682e+03
   6.0605101e+03
   6.0651039e+03
   6.0680637e+03
   6.0724809e+03
   6.0754432e+03
   6.0762611e+03
   6.0765092e+03
   6.0778821e+03
   6.0790176e+03
   6.0807400e+03
   6.0817352e+03
   6.0874706e+03
   6.0877937e+03
   6.0896388e+03
   6.0991629e+03
   6.0992080e+03
   6.1097995e+03
   6.1100415e+03
   6.1126142e+03
   6.1171827e+03
   6.1172471e+03
   6.1210181e+03
   6.1247515e+03
   6.1299696e+03
   6.1316716e+03
   6.1318754e+03
   6.1342588e+03
   6.1346526e+03
   6.1351541e+03
   6.1358011e+03
   6.1369314e+03
   6.1370226e+03
   6.1373490e+03
   6.1377723e+03
   6.1378186e+03
   6.1378747e+03
   6.1388925e+03
   6.1419260e+03
   6.1490552e+03
   6.1512920e+03
   6.1516149e+03
   6.1554390e+03
   6.1624622e+03
   6.1624739e+03
   6.1643675e+03
   6.1706141e+03
   6.1714411e+03
   6.1722762e+03
   6.1746130e+03
   6.1764976e+03
   6.1860431e+03
   6.1899977e+03
   6.1905889e+03
   6.1922139e+03
   6.1939945e+03
   6.1943179e+03
   6.1960891e+03
   6.2006745e+03
   6.2068734e+03
   6.2071594e+03
   6.2074266e+03
   6.2080581e+03
   6.2126981e+03
   6.2130454e+03
   6.2134737e+03
   6.2135322e+03
   6.2136939e+03
   6.2151185e+03
   6.2156553e+03
   6.2158714e+03
   6.2183704e+03
   6.2212263e+03
   6.2215751e+03
   6.2309161e+03
   6.2311994e+03
   6.2317300e+03
   6.2351387e+03
   6.2357156e+03
   6.2361893e+03
   6.2366048e+03
   6.2375814e+03
   6.2383486e+03
   6.2421421e+03
   6.2425593e+03
   6.2442270e+03
   6.2469394e+03
   6.2475830e+03
   6.2518843e+03
   6.2521852e+03
   6.2523581e+03
   6.2545514e+03
   6.2615956e+03
   6.2619492e+03
   6.2621601e+03
   6.2664805e+03
   6.2669053e+03
   6.2706175e+03
   6.2795673e+03
   6.2800096e+03
   6.2801969e+03
   6.2857828e+03
   6.2876328e+03
   6.2878100e+03
   6.2896054e+03
   6.2897767e+03
   6.2926195e+03
   6.2927067e+03
   6.2933289e+03
   6.2943924e+03
   6.2954778e+03
   6.3091520e+03
   6.3103693e+03
   6.3107881e+03
   6.3108969e+03
   6.3113109e+03
   6.3125163e+03
   6.3127861e+03
   6.3132515e+03
   6.3142919e+03
   6.3156929e+03
   6.3174944e+03
   6.3235220e+03
   6.3276049e+03
   6.3371957e+03
   6.3424337e+03
   6.3426695e+03
   6.3463270e+03
   6.3490789e+03
   6.3491294e+03
   6.3541350e+03
   6.3565352e+03
   6.3615395e+03
   6.3643328e+03
   6.3658456e+03
   6.3663554e+03
   6.3702921e+03
   6.3799836e+03
   6.3896032e+03
   6.3899773e+03
   6.3905209e+03
   6.3926598e+03
   6.3945496e+03
   6.3969095e+03
   6.3986049e+03
   6.3993779e+03
   6.4060763e+03
   6.4075083e+03
   6.4111317e+03
   6.4117847e+03
   6.4135175e+03
   6.4183161e+03
   6.4186043e+03
   6.4188509e+03
   6.4201858e+03
   6.4203167e+03
   6.4204899e+03
   6.4237960e+03
   6.4239409e+03
   6.4250752e+03
   6.4260235e+03
   6.4303969e+03
   6.4315976e+03
   6.4432530e+03
   6.4502553e+03
   6.4564001e+03
   6.4565003e+03
   6.4581802e+03
   6.4610455e+03
   6.4618815e+03
   6.4622628e+03
   6.4630593e+03
   6.4641377e+03
   6.4709366e+03
   6.4798673e+03
   6.4805159e+03
   6.4806870e+03
   6.4814402e+03
   6.4814587e+03
   6.4815867e+03
   6.4822313e+03
   6.4827808e+03
   6.4852677e+03
   6.4861186e+03
   6.4864561e+03
   6.4890377e+03
   6.4911682e+03
   6.4924612e+03
   6.4953321e+03
   6.4995172e+03
   6.4995257e+03
   6.5013230e+03
   6.5015949e+03
   6.5024569e+03
   6.5050437e+03
   6.5094929e+03
   6.5123935e+03
   6.5134774e+03
   6.5157388e+03
   6.5187103e+03
   6.5381155e+03
   6.5449712e+03
   6.5452891e+03
   6.5498604e+03
   6.5528053e+03
   6.5535443e+03
   6.5535768e+03
   6.5558021e+03
   6.5564289e+03
   6.5578465e+03
   6.5594477e+03
   6.5603943e+03
   6.5762907e+03
   6.5774127e+03
   6.5790959e+03
   6.5866180e+03
   6.5904485e+03
   6.5912988e+03
   6.5917870e+03
   6.5917968e+03
   6.5933984e+03
   6.5937331e+03
   6.5941967e+03
   6.5999955e+03
   6.6007196e+03
   6.6019693e+03
   6.6280176e+03
   6.6325641e+03
   6.6356697e+03
   6.6407021e+03
   6.6414136e+03
   6.6447114e+03
   6.6447200e+03
   6.6476120e+03
   6.6482785e+03
   6.6487290e+03
   6.6566289e+03
   6.6612202e+03
   6.6620187e+03
   6.6622431e+03
   6.6624290e+03
   6.6627630e+03
   6.6637935e+03
   6.6675274e+03
   6.6685380e+03
   6.6687639e+03
   6.6707923e+03
   6.6733307e+03
   6.6775251e+03
   6.6785216e+03
   6.6797263e+03
   6.6837903e+03
   6.6906089e+03
   6.6917190e+03
   6.6961866e+03
   6.6970572e+03
   6.6990072e+03
   6.6992081e+03
   6.6993208e+03
   6.6994610e+03
   6.6996896e+03
   6.7009196e+03
   6.7009393e+03
   6.7019422e+03
   6.7024865e+03
   6.7029683e+03
   6.7037393e+03
   6.7055471e+03
   6.7075631e+03
   6.7097610e+03
   6.7099754e+03
   6.7182626e+03
   6.7243218e+03
   6.7272414e+03
   6.7312018e+03
   6.7349307e+03
   6.7353276e+03
   6.7353494e+03
   6.7387355e+03
   6.7393533e+03
   6.7395011e+03
   6.7435627e+03
   6.7570122e+03
   6.7572093e+03
   6.7591882e+03
   6.7644461e+03
   6.7687945e+03
   6.7709761e+03
   6.7730813e+03
   6.7761228e+03
   6.7767198e+03
   6.7769275e+03
   6.7839090e+03
   6.7842863e+03
   6.7842995e+03
   6.7844860e+03
   6.7849786e+03
   6.7865249e+03
   6.7872074e+03
   6.7878572e+03
   6.7919400e+03
   6.7920028e+03
   6.7938304e+03
   6.7947087e+03
   6.7954403e+03
   6.7986448e+03
   6.7989711e+03
   6.7999920e+03
   6.8025326e+03
   6.8041440e+03
   6.8070645e+03
   6.8071716e+03
   6.8079534e+03
   6.8091236e+03
   6.8124239e+03
   6.8124421e+03
   6.8137183e+03
   6.8143278e+03
   6.8164665e+03
   6.8224135e+03
   6.8231287e+03
   6.8289948e+03
   6.8304032e+03
   6.8308387e+03
   6.8310481e+03
   6.8333853e+03
   6.8346476e+03
   6.8362496e+03
   6.8367796e+03
   6.8392269e+03
   6.8403527e+03
   6.8415163e+03
   6.8585848e+03
   6.8602241e+03
   6.8631347e+03
   6.8631885e+03
   6.8639474e+03
   6.8647442e+03
   6.8648149e+03
   6.8648180e+03
   6.8667153e+03
   6.8675610e+03
   6.8701608e+03
   6.8718660e+03
   6.8762374e+03
   6.8807232e+03
   6.8890135e+03
   6.8932654e+03
   6.8989289e+03
   6.9011648e+03
   6.9075624e+03
   6.9091185e+03
   6.9099112e+03
   6.9102195e+03
   6.9107254e+03
   6.9114490e+03
   6.9128507e+03
   6.9140318e+03
   6.9164233e+03
   6.9185282e+03
   6.9227103e+03
   6.9227379e+03
   6.9256659e+03
   6.9257713e+03
   6.9263148e+03
   6.9279504e+03
   6.9359582e+03
   6.9386289e+03
   6.9403721e+03
   6.9433017e+03
   6.9456710e+03
   6.9478122e+03
   6.9493070e+03
   6.9540068e+03
   6.9566174e+03
   6.9576272e+03
   6.9649636e+03
   6.9659347e+03
   6.9660423e+03
   6.9660782e+03
   6.9757421e+03
   6.9846116e+03
   6.9858997e+03
   6.9991039e+03
   7.0258117e+03
   7.0397141e+03
   7.0451614e+03
   7.0537753e+03
   7.0608006e+03
   7.0678315e+03
   7.0697287e+03
   7.0803542e+03
   7.0921722e+03
   7.0928607e+03
   7.1027795e+03
   7.1091583e+03
   7.1132861e+03
   7.1170813e+03
   7.1286173e+03
   7.1368568e+03
   7.1479026e+03
   7.1485408e+03
   7.1707183e+03
   7.1764521e+03
   7.1773175e+03
   7.1810731e+03
   7.1973855e+03
   7.1976764e+03
   7.2003933e+03
   7.2115895e+03
   7.2231243e+03
   7.2275868e+03
   7.2278151e+03
   7.2283147e+03
   7.2331030e+03
   7.2505453e+03
   7.2681567e+03
   7.2771341e+03
   7.2844571e+03
   7.2980305e+03
   7.2985790e+03
   7.3081098e+03
   7.3081206e+03
   7.3082403e+03
   7.3097045e+03
   7.3324870e+03
   7.3512980e+03
   7.3569169e+03
   7.3584232e+03
   7.3634200e+03
   7.3692672e+03
   7.3693293e+03
   7.3719328e+03
   7.3800260e+03
   7.3807798e+03
   7.3821487e+03
   7.3863512e+03
   7.4014134e+03
   7.4031618e+03
   7.4032727e+03
   7.4032835e+03
   7.4171250e+03
   7.4200447e+03
   7.4425678e+03
   7.4427736e+03
   7.4460506e+03
   7.4532829e+03
   7.4532861e+03
   7.4629768e+03
   7.4641835e+03
   7.4642433e+03
   7.4725493e+03
   7.4726005e+03
   7.4776258e+03
   7.4776590e+03
   7.4776656e+03
   7.4791892e+03
   7.4869466e+03
   7.4874051e+03
   7.4917084e+03
   7.5271707e+03
   7.5272636e+03
   7.5299221e+03
   7.5320814e+03
   7.5358294e+03
   7.5368959e+03
   7.5510190e+03
   7.5516029e+03
   7.5640370e+03
   7.5718006e+03
   7.6025539e+03
   7.6073707e+03
   7.6200160e+03
   7.6200568e+03
   7.6318203e+03
   7.6318310e+03
   7.6319931e+03
   7.6329180e+03
   7.6330382e+03
   7.6442592e+03
   7.6538842e+03
   7.6700919e+03
   7.6708485e+03
   7.6909551e+03
   7.7001661e+03
   7.7127521e+03
   7.7146834e+03
   7.7152759e+03
   7.7490675e+03
   7.7716117e+03
   7.7724420e+03
   7.7724534e+03
   7.7766900e+03
   7.7834370e+03
   7.7835244e+03
   7.7861503e+03
   7.7861834e+03
   7.7870312e+03
   7.7990592e+03
   7.8011561e+03
   7.8150581e+03
   7.8170991e+03
   7.8188547e+03
   7.8234555e+03
   7.8240174e+03
   7.8284827e+03
   7.8295865e+03
   7.8424695e+03
   7.8443965e+03
   7.8462898e+03
   7.8483991e+03
   7.8503583e+03
   7.8516802e+03
   7.8544273e+03
   7.8552222e+03
   7.8569672e+03
   7.8571268e+03
   7.8584459e+03
   7.8601828e+03
   7.8606791e+03
   7.8617211e+03
   7.8617555e+03
   7.8621682e+03
   7.8638670e+03
   7.8644295e+03
   7.8675764e+03
   7.8705255e+03
   7.8706901e+03
   7.8726495e+03
   7.8735922e+03
   7.8736040e+03
   7.8782630e+03
   7.8849742e+03
   7.8929481e+03
   7.8940133e+03
   7.9067934e+03
   7.9190886e+03
   7.9236451e+03
   7.9236508e+03
   7.9285335e+03
   7.9296115e+03
   7.9312085e+03
   7.9334484e+03
   7.9349609e+03
   7.9357803e+03
   7.9374832e+03
   7.9395160e+03
   7.9443506e+03
   7.9473764e+03
   7.9521678e+03
   7.9582029e+03
   7.9597594e+03
   7.9636369e+03
   7.9639955e+03
   7.9700101e+03
   7.9780329e+03
   7.9789146e+03
   7.9810756e+03
   7.9810805e+03
   7.9811674e+03
   7.9832047e+03
   7.9835593e+03
   7.9881626e+03
   7.9889412e+03
   7.9889625e+03
   7.9908380e+03
   7.9914494e+03
   7.9914987e+03
   7.9925096e+03
   7.9933952e+03
   8.0005845e+03
   8.0035694e+03
   8.0036847e+03
   8.0046242e+03
   8.0063083e+03
   8.0096696e+03
   8.0133497e+03
   8.0134388e+03
   8.0179816e+03
   8.0220467e+03
   8.0225033e+03
   8.0270742e+03
   8.0270909e+03
   8.0333691e+03
   8.0357424e+03
   8.0358857e+03
   8.0387273e+03
   8.0387735e+03
   8.0387817e+03
   8.0390629e+03
   8.0392682e+03
   8.0408658e+03
   8.0433360e+03
   8.0453847e+03
   8.0516530e+03
   8.0518707e+03
   8.0583124e+03
   8.0583226e+03
   8.0599154e+03
   8.0627598e+03
   8.0629031e+03
   8.0634272e+03
   8.0634276e+03
   8.0634987e+03
   8.0676634e+03
   8.0691642e+03
   8.0692493e+03
   8.0693555e+03
   8.0727706e+03
   8.0776480e+03
   8.0776675e+03
   8.0808763e+03
   8.0858823e+03
   8.0861020e+03
   8.0905554e+03
   8.0936661e+03
   8.0974713e+03
   8.1069240e+03
   8.1098435e+03
   8.1108670e+03
   8.1109077e+03
   8.1113590e+03
   8.1113684e+03
   8.1125008e+03
   8.1128284e+03
   8.1238946e+03
   8.1284781e+03
   8.1286088e+03
   8.1368465e+03
   8.1409893e+03
   8.1409913e+03
   8.1418627e+03
   8.1433266e+03
   8.1439355e+03
   8.1466223e+03
   8.1486471e+03
   8.1533741e+03
   8.1535774e+03
   8.1550191e+03
   8.1586716e+03
   8.1594104e+03
   8.1669877e+03
   8.1719421e+03
   8.1740732e+03
   8.1752794e+03
   8.1759856e+03
   8.1787499e+03
   8.1803553e+03
   8.1811608e+03
   8.1811793e+03
   8.1840511e+03
   8.1841933e+03
   8.1909713e+03
   8.1956435e+03
   8.1956570e+03
   8.1968954e+03
   8.1969013e+03
   8.1971928e+03
   8.1975676e+03
   8.2001834e+03
   8.2056981e+03
   8.2065449e+03
   8.2068953e+03
   8.2096469e+03
   8.2112148e+03
   8.2240479e+03
   8.2240568e+03
   8.2292719e+03
   8.2298448e+03
   8.2298554e+03
   8.2351485e+03
   8.2401547e+03
   8.2403052e+03
   8.2403115e+03
   8.2404771e+03
   8.2413874e+03
   8.2506729e+03
   8.2508093e+03
   8.2530700e+03
   8.2542277e+03
   8.2543503e+03
   8.2616391e+03
   8.2626369e+03
   8.2645370e+03
   8.2645608e+03
   8.2646814e+03
   8.2651392e+03
   8.2658067e+03
   8.2658233e+03
   8.2683239e+03
   8.2692873e+03
   8.2701928e+03
   8.2758434e+03
   8.2759042e+03
   8.2759219e+03
   8.2759355e+03
   8.2769119e+03
   8.2788321e+03
   8.2807275e+03
   8.2864079e+03
   8.2864215e+03
   8.2874215e+03
   8.2874315e+03
   8.2883870e+03
   8.2915933e+03
   8.2917416e+03
   8.2938038e+03
   8.2952569e+03
   8.2966142e+03
   8.2981397e+03
   8.2989135e+03
   8.2992888e+03
   8.2998987e+03
   8.3086355e+03
   8.3138645e+03
   8.3142558e+03
   8.3168869e+03
   8.3168918e+03
   8.3182478e+03
   8.3192829e+03
   8.3193181e+03
   8.3263862e+03
   8.3276762e+03
   8.3286072e+03
   8.3292228e+03
   8.3292758e+03
   8.3296744e+03
   8.3296864e+03
   8.3319550e+03
   8.3336057e+03
   8.3347637e+03
   8.3416413e+03
   8.3436218e+03
   8.3472416e+03
   8.3473936e+03
   8.3528437e+03
   8.3593547e+03
   8.3603695e+03
   8.3606401e+03
   8.3631489e+03
   8.3652358e+03
   8.3668166e+03
   8.3764728e+03
   8.3832829e+03
   8.3869012e+03
   8.3877367e+03
   8.3877471e+03
   8.3911161e+03
   8.3927833e+03
   8.3960690e+03
   8.3960929e+03
   8.3961746e+03
   8.4104746e+03
   8.4107650e+03
   8.4114521e+03
   8.4147532e+03
   8.4227730e+03
   8.4230243e+03
   8.4303971e+03
   8.4317897e+03
   8.4319311e+03
   8.4355805e+03
   8.4408972e+03
   8.4409028e+03
   8.4420356e+03
   8.4571030e+03
   8.4591213e+03
   8.4591290e+03
   8.4611024e+03
   8.4697344e+03
   8.4697454e+03
   8.4697496e+03
   8.4698523e+03
   8.4917669e+03
   8.4922474e+03
   8.4922542e+03
   8.4962748e+03
   8.4980707e+03
   8.5006963e+03
   8.5040121e+03
   8.5106496e+03
   8.5106870e+03
   8.5128483e+03
   8.5172914e+03
   8.5206464e+03
   8.5214548e+03
   8.5226111e+03
   8.5228975e+03
   8.5305850e+03
   8.5319272e+03
   8.5332594e+03
   8.5418538e+03
   8.5452079e+03
   8.5455676e+03
   8.5455807e+03
   8.5458775e+03
   8.5503699e+03
   8.5527872e+03
   8.5579473e+03
   8.5659156e+03
   8.5665031e+03
   8.5725982e+03
   8.5761446e+03
   8.5771226e+03
   8.5857553e+03
   8.5869489e+03
   8.5873948e+03
   8.5899867e+03
   8.5943354e+03
   8.5944767e+03
   8.5951334e+03
   8.5994738e+03
   8.6003166e+03
   8.6003907e+03
   8.6053536e+03
   8.6053791e+03
   8.6053862e+03
   8.6057939e+03
   8.6064400e+03
   8.6065147e+03
   8.6066159e+03
   8.6090627e+03
   8.6104771e+03
   8.6111621e+03
   8.6134108e+03
   8.6336735e+03
   8.6357187e+03
   8.6357328e+03
   8.6405432e+03
   8.6409260e+03
   8.6414192e+03
   8.6414390e+03
   8.6445735e+03
   8.6446883e+03
   8.6519026e+03
   8.6519347e+03
   8.6539493e+03
   8.6539629e+03
   8.6540855e+03
   8.6598230e+03
   8.6599321e+03
   8.6691255e+03
   8.6697123e+03
   8.6701553e+03
   8.6748985e+03
   8.6765954e+03
   8.6768365e+03
   8.6773176e+03
   8.6811135e+03
   8.6820202e+03
   8.6820515e+03
   8.6822926e+03
   8.6846186e+03
   8.6847599e+03
   8.6921034e+03
   8.6924859e+03
   8.6945762e+03
   8.6951324e+03
   8.6957230e+03
   8.6963895e+03
   8.6965573e+03
   8.6973303e+03
   8.6973556e+03
   8.6973906e+03
   8.6974634e+03
   8.7004682e+03
   8.7010675e+03
   8.7014386e+03
   8.7015697e+03
   8.7027034e+03
   8.7043513e+03
   8.7044920e+03
   8.7213192e+03
   8.7270335e+03
   8.7300372e+03
   8.7306375e+03
   8.7318374e+03
   8.7387819e+03
   8.7501801e+03
   8.7842323e+03
   8.7846309e+03
   8.7912456e+03
   8.7912734e+03
   8.7913077e+03
   8.7929637e+03
   8.7962508e+03
   8.7967535e+03
   8.7992187e+03
   8.7992228e+03
   8.7993423e+03
   8.8083355e+03
   8.8183577e+03
   8.8188935e+03
   8.8193483e+03
   8.8228070e+03
   8.8233318e+03
   8.8305046e+03
   8.8306774e+03
   8.8307159e+03
   8.8307689e+03
   8.8381173e+03
   8.8398342e+03
   8.8401549e+03
   8.8410634e+03
   8.8479407e+03
   8.8479953e+03
   8.8605133e+03
   8.8606695e+03
   8.8610840e+03
   8.8621753e+03
   8.8836048e+03
   8.8980272e+03
   8.9010500e+03
   8.9020517e+03
   8.9035106e+03
   8.9042192e+03
   8.9045842e+03
   8.9073920e+03
   8.9080282e+03
   8.9080661e+03
   8.9098386e+03
   8.9158844e+03
   8.9158978e+03
   8.9159057e+03
   8.9161419e+03
   8.9178143e+03
   8.9178430e+03
   8.9220995e+03
   8.9223875e+03
   8.9248703e+03
   8.9253924e+03
   8.9283176e+03
   8.9289440e+03
   8.9322925e+03
   8.9330809e+03
   8.9344769e+03
   8.9345141e+03
   8.9345349e+03
   8.9369885e+03
   8.9371935e+03
   8.9383000e+03
   8.9402222e+03
   8.9425026e+03
   8.9469199e+03
   8.9499257e+03
   8.9508020e+03
   8.9508175e+03
   8.9514714e+03
   8.9596760e+03
   8.9613406e+03
   8.9641505e+03
   8.9658894e+03
   8.9707201e+03
   8.9764585e+03
   8.9799380e+03
   8.9799787e+03
   8.9833339e+03
   8.9833548e+03
   8.9859655e+03
   8.9902775e+03
   9.0003926e+03
   9.0017332e+03
   9.0031554e+03
   9.0032817e+03
   9.0036555e+03
   9.0096723e+03
   9.0116275e+03
   9.0135270e+03
   9.0151652e+03
   9.0153979e+03
   9.0155398e+03
   9.0181111e+03
   9.0201795e+03
   9.0234920e+03
   9.0270996e+03
   9.0274133e+03
   9.0302260e+03
   9.0343719e+03
   9.0361263e+03
   9.0361395e+03
   9.0371866e+03
   9.0402283e+03
   9.0420835e+03
   9.0420975e+03
   9.0422167e+03
   9.0434578e+03
   9.0436160e+03
   9.0452569e+03
   9.0452708e+03
   9.0595187e+03
   9.0643944e+03
   9.0652610e+03
   9.0682455e+03
   9.0689328e+03
   9.0692614e+03
   9.0733233e+03
   9.0753186e+03
   9.0764132e+03
   9.0802410e+03
   9.0805266e+03
   9.0858598e+03
   9.0886912e+03
   9.0889988e+03
   9.0979732e+03
   9.0984424e+03
   9.0984766e+03
   9.0994369e+03
   9.1026981e+03
   9.1052682e+03
   9.1064131e+03
   9.1074774e+03
   9.1126941e+03
   9.1129012e+03
   9.1129264e+03
   9.1132132e+03
   9.1161594e+03
   9.1161788e+03
   9.1163056e+03
   9.1169861e+03
   9.1185939e+03
   9.1205572e+03
   9.1208245e+03
   9.1208273e+03
   9.1227981e+03
   9.1235994e+03
   9.1246110e+03
   9.1273728e+03
   9.1276505e+03
   9.1290540e+03
   9.1300802e+03
   9.1375756e+03
   9.1646288e+03
   9.1706293e+03
   9.1720826e+03
   9.1850708e+03
   9.1874471e+03
   9.1895718e+03
   9.1924624e+03
   9.1931098e+03
   9.1999013e+03
   9.1999315e+03
   9.2044824e+03
   9.2047083e+03
   9.2058942e+03
   9.2119736e+03
   9.2162910e+03
   9.2164426e+03
   9.2165629e+03
   9.2165949e+03
   9.2176261e+03
   9.2195656e+03
   9.2199329e+03
   9.2213987e+03
   9.2240910e+03
   9.2243670e+03
   9.2245715e+03
   9.2245788e+03
   9.2267492e+03
   9.2355745e+03
   9.2456819e+03
   9.2456854e+03
   9.2561307e+03
   9.2580867e+03
   9.2585910e+03
   9.2587187e+03
   9.2690116e+03
   9.2717972e+03
   9.2738601e+03
   9.2758637e+03
   9.2783029e+03
   9.2785226e+03
   9.2801341e+03
   9.2808706e+03
   9.2825465e+03
   9.2944303e+03
   9.2945084e+03
   9.2971315e+03
   9.2991250e+03
   9.3014287e+03
   9.3061580e+03
   9.3063190e+03
   9.3064709e+03
   9.3079191e+03
   9.3087361e+03
   9.3109371e+03
   9.3244100e+03
   9.3244307e+03
   9.3346194e+03
   9.3349826e+03
   9.3374228e+03
   9.3632712e+03
   9.3672739e+03
   9.3720085e+03
   9.3744530e+03
   9.3804184e+03
   9.3804315e+03
   9.3804382e+03
   9.3902648e+03
   9.3927596e+03
   9.4019052e+03
   9.4095573e+03
   9.4124068e+03
   9.4124192e+03
   9.4148161e+03
   9.4148287e+03
   9.4156478e+03
   9.4173189e+03
   9.4173429e+03
   9.4223700e+03
   9.4225003e+03
   9.4229091e+03
   9.4272627e+03
   9.4310971e+03
   9.4358570e+03
   9.4358646e+03
   9.4386693e+03
   9.4402229e+03
   9.4404950e+03
   9.4412309e+03
   9.4414954e+03
   9.4474676e+03
   9.4508553e+03
   9.4508621e+03
   9.4579024e+03
   9.4580351e+03
   9.4582555e+03
   9.4582765e+03
   9.4611893e+03
   9.4615576e+03
   9.4620438e+03
   9.4633673e+03
   9.4774974e+03
   9.4777644e+03
   9.4787914e+03
   9.4823787e+03
   9.4825755e+03
   9.4827264e+03
   9.4893301e+03
   9.4893498e+03
   9.4941830e+03
   9.5037333e+03
   9.5055871e+03
   9.5061741e+03
   9.5085251e+03
   9.5103473e+03
   9.5106017e+03
   9.5116964e+03
   9.5135972e+03
   9.5163815e+03
   9.5248636e+03
   9.5373342e+03
   9.5415922e+03
   9.5443475e+03
   9.5443973e+03
   9.5467235e+03
   9.5524538e+03
   9.5578758e+03
   9.5579142e+03
   9.5579695e+03
   9.5579759e+03
   9.5579817e+03
   9.5580899e+03
   9.5583986e+03
   9.5691160e+03
   9.5744522e+03
   9.6027955e+03
   9.6192880e+03
   9.6246308e+03
   9.6392913e+03
   9.6688346e+03
   9.6719440e+03
   9.6754165e+03
   9.6793635e+03
   9.6906595e+03
   9.6910024e+03
   9.6917194e+03
   9.6928404e+03
   9.6966018e+03
   9.6993703e+03
   9.7024634e+03
   9.7038079e+03
   9.7070109e+03
   9.7096578e+03
   9.7112187e+03
   9.7112215e+03
   9.7114397e+03
   9.7175676e+03
   9.7175714e+03
   9.7175774e+03
   9.7175842e+03
   9.7175924e+03
   9.7204056e+03
   9.7205724e+03
   9.7236229e+03
   9.7258381e+03
   9.7258542e+03
   9.7261587e+03
   9.7268697e+03
   9.7269118e+03
   9.7291674e+03
   9.7294016e+03
   9.7407028e+03
   9.7411746e+03
   9.7434694e+03
   9.7437265e+03
   9.7437283e+03
   9.7480143e+03
   9.7511283e+03
   9.7527645e+03
   9.7623258e+03
   9.7623274e+03
   9.7683845e+03
   9.7691667e+03
   9.7692397e+03
   9.7700586e+03
   9.7729763e+03
   9.7729994e+03
   9.7740907e+03
   9.7742020e+03
   9.7891377e+03
   9.8032002e+03
   9.8036928e+03
   9.8062504e+03
   9.8187632e+03
   9.8187787e+03
   9.8224972e+03
   9.8227303e+03
   9.8289251e+03
   9.8316726e+03
   9.8354575e+03
   9.8423694e+03
   9.8427715e+03
   9.8429822e+03
   9.8435012e+03
   9.8438913e+03
   9.8440297e+03
   9.8440617e+03
   9.8448568e+03
   9.8459608e+03
   9.8535321e+03
   9.8535487e+03
   9.8573352e+03
   9.8638449e+03
   9.8640172e+03
   9.8663514e+03
   9.8667389e+03
   9.8675155e+03
   9.8756089e+03
   9.8785717e+03
   9.8798429e+03
   9.8809163e+03
   9.8819767e+03
   9.8819843e+03
   9.8821321e+03
   9.9058876e+03
   9.9094314e+03
   9.9186646e+03
   9.9257068e+03
   9.9295052e+03
   9.9347893e+03
   9.9361953e+03
   9.9429951e+03
   9.9586573e+03
   9.9587125e+03
   9.9702330e+03
   9.9804381e+03
   9.9858913e+03
   9.9878007e+03
   1.0047092e+04
   1.0052279e+04
   1.0062315e+04
   1.0072351e+04
   1.0084446e+04
   1.0084493e+04
   1.0084588e+04
   1.0095734e+04
   1.0097427e+04
   1.0098069e+04
   1.0102238e+04
   1.0103891e+04
   1.0103977e+04
   1.0106295e+04
   1.0109564e+04
   1.0109727e+04
   1.0128817e+04
   1.0170762e+04
   1.0172381e+04
   1.0172552e+04
   1.0173824e+04
   1.0185181e+04
   1.0186170e+04
   1.0189255e+04
   1.0198648e+04
   1.0209202e+04
   1.0212694e+04
   1.0214448e+04
   1.0221521e+04
   1.0231144e+04
   1.0232389e+04
   1.0233797e+04
   1.0247610e+04
   1.0247741e+04
   1.0251203e+04
   1.0251585e+04
   1.0253248e+04
   1.0268273e+04
   1.0275475e+04
   1.0282388e+04
   1.0286986e+04
   1.0286993e+04
   1.0287006e+04
   1.0297413e+04
   1.0299409e+04
   1.0310055e+04
   1.0315273e+04
   1.0332310e+04
   1.0334509e+04
   1.0335541e+04
   1.0338023e+04
   1.0338153e+04
   1.0344981e+04
   1.0346785e+04
   1.0347403e+04
   1.0352117e+04
   1.0359729e+04
   1.0360784e+04
   1.0365524e+04
   1.0365649e+04
   1.0371880e+04
   1.0374878e+04
   1.0374884e+04
   1.0381096e+04
   1.0383478e+04
   1.0383800e+04
   1.0390127e+04
   1.0390161e+04
   1.0391992e+04
   1.0392799e+04
   1.0395434e+04
   1.0396387e+04
   1.0399192e+04
   1.0402418e+04
   1.0402828e+04
   1.0402999e+04
   1.0405612e+04
   1.0405696e+04
   1.0407201e+04
   1.0407208e+04
   1.0407266e+04
   1.0412409e+04
   1.0412449e+04
   1.0417814e+04
   1.0419557e+04
   1.0421425e+04
   1.0423455e+04
   1.0424137e+04
   1.0443852e+04
   1.0445438e+04
   1.0451948e+04
   1.0456083e+04
   1.0458783e+04
   1.0461487e+04
   1.0466122e+04
   1.0466681e+04
   1.0469890e+04
   1.0471732e+04
   1.0480041e+04
   1.0481204e+04
   1.0481327e+04
   1.0481373e+04
   1.0481721e+04
   1.0482251e+04
   1.0482396e+04
   1.0490590e+04
   1.0491052e+04
   1.0491069e+04
   1.0492722e+04
   1.0493052e+04
   1.0493929e+04
   1.0494537e+04
   1.0504985e+04
   1.0505080e+04
   1.0506459e+04
   1.0511563e+04
   1.0514263e+04
   1.0515909e+04
   1.0515916e+04
   1.0518927e+04
   1.0520035e+04
   1.0520944e+04
   1.0521092e+04
   1.0521150e+04
   1.0521319e+04
   1.0522642e+04
   1.0523278e+04
   1.0524477e+04
   1.0524665e+04
   1.0524880e+04
   1.0526572e+04
   1.0530382e+04
   1.0533235e+04
   1.0540655e+04
   1.0542233e+04
   1.0542956e+04
   1.0543068e+04
   1.0543644e+04
   1.0548673e+04
   1.0549123e+04
   1.0549528e+04
   1.0549689e+04
   1.0550095e+04
   1.0551212e+04
   1.0552867e+04
   1.0557777e+04
   1.0558791e+04
   1.0560376e+04
   1.0564327e+04
   1.0564505e+04
   1.0566878e+04
   1.0568729e+04
   1.0571858e+04
   1.0581478e+04
   1.0582473e+04
   1.0583780e+04
   1.0588907e+04
   1.0590097e+04
   1.0592931e+04
   1.0593214e+04
   1.0599283e+04
   1.0600072e+04
   1.0601831e+04
   1.0601954e+04
   1.0602073e+04
   1.0602711e+04
   1.0602724e+04
   1.0603625e+04
   1.0604327e+04
   1.0604727e+04
   1.0604969e+04
   1.0607731e+04
   1.0608224e+04
   1.0611683e+04
   1.0614913e+04
   1.0622768e+04
   1.0624832e+04
   1.0627493e+04
   1.0627506e+04
   1.0628756e+04
   1.0628860e+04
   1.0628906e+04
   1.0629520e+04
   1.0629879e+04
   1.0629977e+04
   1.0634363e+04
   1.0640931e+04
   1.0645695e+04
   1.0647849e+04
   1.0651494e+04
   1.0652795e+04
   1.0653662e+04
   1.0654432e+04
   1.0654835e+04
   1.0654906e+04
   1.0657967e+04
   1.0659065e+04
   1.0659406e+04
   1.0664910e+04
   1.0665520e+04
   1.0665821e+04
   1.0668672e+04
   1.0669323e+04
   1.0671189e+04
   1.0671618e+04
   1.0673745e+04
   1.0673997e+04
   1.0674125e+04
   1.0675234e+04
   1.0677081e+04
   1.0685835e+04
   1.0707195e+04
   1.0708227e+04
   1.0710397e+04
   1.0710438e+04
   1.0711595e+04
   1.0714249e+04
   1.0716402e+04
   1.0721621e+04
   1.0722461e+04
   1.0724538e+04
   1.0724784e+04
   1.0725087e+04
   1.0726487e+04
   1.0726498e+04
   1.0729414e+04
   1.0729433e+04
   1.0729666e+04
   1.0734260e+04
   1.0735061e+04
   1.0735365e+04
   1.0739109e+04
   1.0739206e+04
   1.0739363e+04
   1.0740343e+04
   1.0740963e+04
   1.0741346e+04
   1.0741454e+04
   1.0741694e+04
   1.0741947e+04
   1.0742475e+04
   1.0744047e+04
   1.0744306e+04
   1.0744874e+04
   1.0747614e+04
   1.0748644e+04
   1.0760345e+04
   1.0770043e+04
   1.0770050e+04
   1.0770062e+04
   1.0773089e+04
   1.0774571e+04
   1.0774838e+04
   1.0776811e+04
   1.0780793e+04
   1.0781412e+04
   1.0786498e+04
   1.0796044e+04
   1.0798809e+04
   1.0800544e+04
