   3.2112000e+00
   6.7273333e+00
   6.9131267e+01
   8.0534733e+01
   9.1030400e+01
   1.1835147e+02
   2.4542533e+02
   2.6172987e+02
   2.7981927e+02
   2.8254760e+02
   2.8722883e+02
   2.8901143e+02
   2.9559167e+02
   2.9940953e+02
   3.4037877e+02
   3.4818140e+02
   3.5288273e+02
   3.8190547e+02
   4.3910157e+02
   5.1228153e+02
   5.4720260e+02
   7.1184737e+02
   7.2910850e+02
   8.1582757e+02
   8.2881557e+02
   8.3539393e+02
   8.4728517e+02
   8.4729467e+02
   8.4729897e+02
   8.4730537e+02
   8.4731133e+02
   8.6591567e+02
   8.8305750e+02
   9.0366987e+02
   9.3747927e+02
   9.5184980e+02
   1.0435683e+03
   1.1370855e+03
   1.2050362e+03
   1.2632735e+03
   1.3083475e+03
   1.3559342e+03
   1.3954602e+03
   1.4685499e+03
   1.4931358e+03
   1.5211178e+03
   1.5263157e+03
   1.5513392e+03
   1.5818362e+03
   1.6008947e+03
   1.6015215e+03
   1.6178151e+03
   1.6493489e+03
   1.6768796e+03
   1.6882309e+03
   1.6882409e+03
   1.6882457e+03
   1.6960349e+03
   1.7008808e+03
   1.7008874e+03
   1.7009001e+03
   1.7009056e+03
   1.7076273e+03
   1.7240935e+03
   1.7240992e+03
   1.7241065e+03
   1.7241134e+03
   1.7244284e+03
   1.7247802e+03
   1.7290458e+03
   1.7299273e+03
   1.7299334e+03
   1.7299392e+03
   1.7299451e+03
   1.7411482e+03
   1.7593024e+03
   1.7593132e+03
   1.7595531e+03
   1.7595680e+03
   1.7595748e+03
   1.7595791e+03
   1.7596315e+03
   1.7596620e+03
   1.7596667e+03
   1.7596712e+03
   1.7596776e+03
   1.7597844e+03
   1.7916565e+03
   1.8215582e+03
   1.8216176e+03
   1.8216232e+03
   1.8216421e+03
   1.8217419e+03
   1.8217575e+03
   1.8218362e+03
   1.8488225e+03
   1.8545943e+03
   1.9369125e+03
   1.9369186e+03
   1.9369273e+03
   1.9369315e+03
   1.9630890e+03
   1.9631373e+03
   1.9912709e+03
   1.9926207e+03
   2.0065623e+03
   2.0317732e+03
   2.0650622e+03
   2.2432480e+03
   2.2676050e+03
   2.3143844e+03
   2.3676226e+03
   2.4011763e+03
   2.4123098e+03
   2.4181861e+03
   2.4182484e+03
   2.4455777e+03
   2.4832001e+03
   2.5107612e+03
   2.5235517e+03
   2.5235574e+03
   2.5235614e+03
   2.5235657e+03
   2.5269644e+03
   2.5308452e+03
   2.5363408e+03
   2.5406928e+03
   2.5627199e+03
   2.5696454e+03
   2.5847851e+03
   2.5890161e+03
   2.6110710e+03
   2.6255021e+03
   2.6564029e+03
   2.6576800e+03
   2.7066982e+03
   2.7208903e+03
   2.7208946e+03
   2.7208996e+03
   2.7209055e+03
   2.7351643e+03
   2.7576154e+03
   2.7586528e+03
   2.8118488e+03
   2.8142945e+03
   2.8346312e+03
   2.8462884e+03
   2.8715566e+03
   2.8715621e+03
   2.8716208e+03
   2.8785344e+03
   2.8881336e+03
   2.8883031e+03
   2.8949173e+03
   2.8949218e+03
   2.8949271e+03
   2.9559708e+03
   2.9590566e+03
   2.9679540e+03
   2.9679629e+03
   2.9679674e+03
   2.9728804e+03
   2.9728855e+03
   2.9952353e+03
   3.0192665e+03
   3.0258391e+03
   3.0515897e+03
   3.0669016e+03
   3.0729055e+03
   3.0729107e+03
   3.0802851e+03
   3.0802926e+03
   3.0802969e+03
   3.0803019e+03
   3.0803060e+03
   3.0866229e+03
   3.0873493e+03
   3.0904434e+03
   3.0904495e+03
   3.0904539e+03
   3.0904593e+03
   3.0962227e+03
   3.0981354e+03
   3.1037602e+03
   3.1351178e+03
   3.1837985e+03
   3.1987135e+03
   3.2167112e+03
   3.2477295e+03
   3.2707685e+03
   3.2707755e+03
   3.2767207e+03
   3.2917684e+03
   3.2917729e+03
   3.3455382e+03
   3.3803132e+03
   3.3803238e+03
   3.3803295e+03
   3.4148634e+03
   3.4210374e+03
   3.4309280e+03
   3.4309867e+03
   3.4309925e+03
   3.4309974e+03
   3.4310432e+03
   3.4531423e+03
   3.4531573e+03
   3.4531627e+03
   3.4537239e+03
   3.4537314e+03
   3.4537378e+03
   3.4537427e+03
   3.4537471e+03
   3.4791807e+03
   3.4820637e+03
   3.4925507e+03
   3.4939344e+03
   3.4939404e+03
   3.4939448e+03
   3.4939523e+03
   3.4939570e+03
   3.5296681e+03
   3.6116250e+03
   3.6154758e+03
   3.6177227e+03
   3.6186886e+03
   3.7046734e+03
   3.7152184e+03
   3.7196009e+03
   3.7196101e+03
   3.7212046e+03
   3.7212109e+03
   3.7657939e+03
   3.7758625e+03
   3.7758685e+03
   3.7872217e+03
   3.8049994e+03
   3.8608558e+03
   3.9012886e+03
   3.9174454e+03
   3.9190852e+03
   3.9258824e+03
   3.9535026e+03
   3.9927133e+03
   3.9958669e+03
   3.9958807e+03
   4.0188657e+03
   4.0562865e+03
   4.1002791e+03
   4.1033205e+03
   4.1060966e+03
   4.1242576e+03
   4.1242661e+03
   4.1242735e+03
   4.1376794e+03
   4.1529914e+03
   4.1627190e+03
   4.1672923e+03
   4.1759515e+03
   4.1759679e+03
   4.2058631e+03
   4.2072451e+03
   4.2331964e+03
   4.2382736e+03
   4.2548010e+03
   4.2920262e+03
   4.3090042e+03
   4.3090139e+03
   4.3466172e+03
   4.3903455e+03
   4.4133280e+03
   4.4556174e+03
   4.4576780e+03
   4.4761006e+03
   4.5168465e+03
   4.5603187e+03
   4.5706100e+03
   4.5706300e+03
   4.5782075e+03
   4.5861609e+03
   4.5861678e+03
   4.5970691e+03
   4.5970739e+03
   4.5970799e+03
   4.6162690e+03
   4.6162765e+03
   4.6162971e+03
   4.6167289e+03
   4.6237601e+03
   4.6366122e+03
   4.6366204e+03
   4.6366251e+03
   4.6458336e+03
   4.6612814e+03
   4.6615125e+03
   4.6640706e+03
   4.6965104e+03
   4.7326430e+03
   4.7359265e+03
   4.7404480e+03
   4.7636414e+03
   4.7752296e+03
   4.7800933e+03
   4.7841097e+03
   4.7863375e+03
   4.7864955e+03
   4.7888914e+03
   4.8208053e+03
   4.8240465e+03
   4.8259549e+03
   4.8385455e+03
   4.8571775e+03
   4.8711126e+03
   4.8776031e+03
   4.8964961e+03
   4.8966015e+03
   4.8968091e+03
   4.8969036e+03
   4.9221809e+03
   4.9250619e+03
   4.9310782e+03
   4.9540308e+03
   4.9624688e+03
   4.9626497e+03
   4.9675527e+03
   4.9895866e+03
   4.9954968e+03
   5.0037695e+03
   5.0257016e+03
   5.0370258e+03
   5.0385615e+03
   5.0686689e+03
   5.0695021e+03
   5.0820748e+03
   5.0925308e+03
   5.1125355e+03
   5.1199788e+03
   5.1345371e+03
   5.1419410e+03
   5.1572108e+03
   5.2010648e+03
   5.2057505e+03
   5.2283511e+03
   5.2286833e+03
   5.2291607e+03
   5.2719954e+03
   5.2728509e+03
   5.2784097e+03
   5.2789133e+03
   5.3091913e+03
   5.3097715e+03
   5.3521188e+03
   5.3528988e+03
   5.3547888e+03
   5.3838342e+03
   5.3861720e+03
   5.4156931e+03
   5.4986317e+03
   5.5099833e+03
   5.5127036e+03
   5.5131391e+03
   5.5151160e+03
   5.5262365e+03
   5.5333608e+03
   5.5338235e+03
   5.5339976e+03
   5.5753799e+03
   5.6065900e+03
   5.6079776e+03
   5.6146802e+03
   5.6327848e+03
   5.6346609e+03
   5.7291426e+03
   5.7621223e+03
   5.7631247e+03
   5.7803037e+03
   5.8290667e+03
   5.9188268e+03
   5.9204937e+03
   5.9398535e+03
   5.9451776e+03
   6.0111696e+03
   6.0112036e+03
   6.0744235e+03
   6.0793498e+03
   6.0810090e+03
   6.1317140e+03
   6.1635192e+03
   6.1747313e+03
   6.2135410e+03
   6.2298360e+03
   6.2315034e+03
   6.2320790e+03
   6.2373514e+03
   6.2530216e+03
   6.2531915e+03
   6.2766502e+03
   6.2844417e+03
   6.2861606e+03
   6.2889336e+03
   6.3086756e+03
   6.3089388e+03
   6.3911632e+03
   6.3950361e+03
   6.4213144e+03
   6.4792048e+03
   6.5112327e+03
   6.5214637e+03
   6.5731030e+03
   6.5886284e+03
   6.6104080e+03
   6.6457241e+03
   6.6640997e+03
   6.6966701e+03
   6.7353431e+03
   6.7353514e+03
   6.8045876e+03
   6.8154292e+03
   6.8426855e+03
   6.8551498e+03
   6.8553386e+03
   6.8618434e+03
   6.8736039e+03
   6.8804739e+03
   6.9078760e+03
   6.9088836e+03
   6.9137157e+03
   6.9174846e+03
   6.9447075e+03
   6.9951708e+03
   7.0177758e+03
   7.0407256e+03
   7.0439669e+03
   7.0440196e+03
   7.0590877e+03
   7.0939445e+03
   7.1163512e+03
   7.1930328e+03
   7.3096959e+03
   7.3362465e+03
   7.3606882e+03
   7.3606979e+03
   7.3713000e+03
   7.3718293e+03
   7.3723106e+03
   7.3848523e+03
   7.3952287e+03
   7.4629779e+03
   7.5136376e+03
   7.5229419e+03
   7.5271887e+03
   7.5414493e+03
   7.6564040e+03
   7.6828474e+03
   7.7278133e+03
   7.7349457e+03
   7.7519892e+03
   7.7861604e+03
   7.7870739e+03
   7.8288054e+03
   7.8531009e+03
   7.8774469e+03
   7.8779842e+03
   7.9245015e+03
   7.9296098e+03
   7.9330198e+03
   7.9360287e+03
   7.9466206e+03
   8.0345335e+03
   8.0515295e+03
   8.0926912e+03
   8.0940468e+03
   8.1066950e+03
   8.1067038e+03
   8.1067084e+03
   8.1067129e+03
   8.1093776e+03
   8.2503283e+03
   8.2693038e+03
   8.3263831e+03
   8.3354593e+03
   8.3424294e+03
   8.3661510e+03
   8.3665677e+03
   8.3668419e+03
   8.3846169e+03
   8.3945357e+03
   8.3964377e+03
   8.4070769e+03
   8.4143368e+03
   8.4698438e+03
   8.4874803e+03
   8.4886019e+03
   8.4887686e+03
   8.4887815e+03
   8.5210975e+03
   8.5216396e+03
   8.5671267e+03
   8.6090897e+03
   8.6377282e+03
   8.6457967e+03
   8.6461009e+03
   8.6748772e+03
   8.6973669e+03
   8.6985406e+03
   8.6985489e+03
   8.6985535e+03
   8.6985652e+03
   8.7496856e+03
   8.7962654e+03
   8.8070393e+03
   8.8195165e+03
   8.8479578e+03
   8.9394120e+03
   8.9394169e+03
   8.9394210e+03
   8.9395129e+03
   8.9395188e+03
   8.9600196e+03
   8.9669681e+03
   9.0057473e+03
   9.0480629e+03
   9.0858689e+03
   9.0889950e+03
   9.1050051e+03
   9.1280789e+03
   9.1850492e+03
   9.2208396e+03
   9.2208545e+03
   9.2208629e+03
   9.2208682e+03
   9.2386746e+03
   9.2386820e+03
   9.2386872e+03
   9.2386932e+03
   9.2387867e+03
   9.2387920e+03
   9.2387988e+03
   9.2393195e+03
   9.2456746e+03
   9.2806598e+03
   9.2978652e+03
   9.3015797e+03
   9.3015877e+03
   9.3363257e+03
   9.4158826e+03
   9.4412431e+03
   9.4421313e+03
   9.4421921e+03
   9.5085595e+03
   9.5131912e+03
   9.6055087e+03
   9.6064130e+03
   9.6173927e+03
   9.6338488e+03
   9.6719648e+03
   9.6860047e+03
   9.7112384e+03
   9.7258325e+03
   9.7351881e+03
   9.7357272e+03
   9.7410166e+03
   9.7540542e+03
   9.7624376e+03
   9.8114889e+03
   9.8226297e+03
   9.8226350e+03
   9.8226401e+03
   9.8226476e+03
   9.8226528e+03
   9.8758179e+03
   9.8786350e+03
   9.8952193e+03
   9.9027286e+03
   9.9127066e+03
   9.9255586e+03
   9.9291418e+03
   9.9519357e+03
   9.9791079e+03
   1.0001901e+04
   1.0010632e+04
   1.0124748e+04
   1.0146961e+04
   1.0148209e+04
   1.0149867e+04
   1.0151480e+04
   1.0188352e+04
   1.0215793e+04
   1.0274900e+04
   1.0276647e+04
   1.0280341e+04
   1.0317080e+04
   1.0333671e+04
   1.0382797e+04
   1.0382805e+04
   1.0382810e+04
   1.0415639e+04
   1.0458483e+04
   1.0550227e+04
   1.0588712e+04
   1.0604475e+04
   1.0628600e+04
   1.0628709e+04
   1.0628744e+04
   1.0630979e+04
   1.0634237e+04
   1.0643818e+04
   1.0675676e+04
   1.0676925e+04
   1.0724340e+04
   1.0744118e+04
   1.0778081e+04
   1.0782344e+04
