   1.3370000e+01
   1.8202333e+01
   2.2833867e+01
   3.9064033e+01
   4.2936900e+01
   5.9037000e+01
   5.9122967e+01
   6.0252267e+01
   8.1116833e+01
   1.0121903e+02
   2.3167363e+02
   2.8912020e+02
   2.9054743e+02
   3.0144720e+02
   3.0180077e+02
   3.4659683e+02
   3.4877830e+02
   3.4995387e+02
   4.2518520e+02
   4.3495760e+02
   4.3982753e+02
   5.3729750e+02
   5.4193297e+02
   5.5864383e+02
   5.7499330e+02
   6.2829390e+02
   6.4177883e+02
   6.9284280e+02
   7.2230990e+02
   7.3831640e+02
   7.3879010e+02
   7.8068120e+02
   8.4816673e+02
   8.5537863e+02
   8.5888890e+02
   8.6520460e+02
   8.6824017e+02
   9.0979770e+02
   9.1774203e+02
   9.8836793e+02
   1.0215615e+03
   1.0752699e+03
   1.0787848e+03
   1.0983169e+03
   1.1019259e+03
   1.1146648e+03
   1.1252653e+03
   1.1255414e+03
   1.1327578e+03
   1.1362699e+03
   1.1581168e+03
   1.2719113e+03
   1.2861970e+03
   1.3084918e+03
   1.3092094e+03
   1.3145553e+03
   1.3824821e+03
   1.4491245e+03
   1.4491749e+03
   1.4507890e+03
   1.4586007e+03
   1.4679647e+03
   1.4879059e+03
   1.5035569e+03
   1.5264299e+03
   1.5409978e+03
   1.5627228e+03
   1.6153446e+03
   1.6336420e+03
   1.6522297e+03
   1.6951649e+03
   1.6987400e+03
   1.7014352e+03
   1.7053110e+03
   1.7121279e+03
   1.7275353e+03
   1.7314696e+03
   1.7411172e+03
   1.7551719e+03
   1.7650078e+03
   1.7674312e+03
   1.8061462e+03
   1.8085299e+03
   1.8104473e+03
   1.8221169e+03
   1.8324080e+03
   1.8349048e+03
   1.8650930e+03
   1.9063078e+03
   1.9700634e+03
   1.9868707e+03
   1.9923630e+03
   1.9955639e+03
   2.0250052e+03
   2.0573348e+03
   2.0716319e+03
   2.0717687e+03
   2.0759439e+03
   2.1339361e+03
   2.1616438e+03
   2.2053148e+03
   2.2398877e+03
   2.2836193e+03
   2.3096961e+03
   2.3440749e+03
   2.4223739e+03
   2.4320259e+03
   2.4591322e+03
   2.4821193e+03
   2.5113620e+03
   2.5541053e+03
   2.5892391e+03
   2.6067295e+03
   2.6112514e+03
   2.6528613e+03
   2.6549425e+03
   2.6781442e+03
   2.6995400e+03
   2.7019321e+03
   2.7066580e+03
   2.7101215e+03
   2.7123043e+03
   2.7166651e+03
   2.7788506e+03
   2.8184601e+03
   2.8346080e+03
   2.8662482e+03
   2.8728230e+03
   2.8785107e+03
   2.8802638e+03
   2.8821361e+03
   2.9078632e+03
   2.9540128e+03
   3.0085349e+03
   3.0185559e+03
   3.0235676e+03
   3.0332654e+03
   3.0657405e+03
   3.0721770e+03
   3.0830652e+03
   3.0924698e+03
   3.0943243e+03
   3.1003392e+03
   3.1039891e+03
   3.1070293e+03
   3.1166538e+03
   3.1329717e+03
   3.1384713e+03
   3.1517530e+03
   3.1679082e+03
   3.1825267e+03
   3.1984649e+03
   3.2630127e+03
   3.2730259e+03
   3.3368561e+03
   3.3377002e+03
   3.3724513e+03
   3.3857860e+03
   3.4135988e+03
   3.4246727e+03
   3.4329138e+03
   3.4503774e+03
   3.4539818e+03
   3.5260567e+03
   3.5285808e+03
   3.5364329e+03
   3.5576480e+03
   3.6007683e+03
   3.6014113e+03
   3.6207639e+03
   3.6259854e+03
   3.6340061e+03
   3.6350700e+03
   3.6827261e+03
   3.7135139e+03
   3.7552255e+03
   3.7592196e+03
   3.7753301e+03
   3.7821721e+03
   3.7911309e+03
   3.7973047e+03
   3.8056412e+03
   3.8144437e+03
   3.8173331e+03
   3.8374335e+03
   3.8613953e+03
   3.8759112e+03
   3.9013913e+03
   4.0171739e+03
   4.0696101e+03
   4.0870668e+03
   4.1061094e+03
   4.1367158e+03
   4.1487420e+03
   4.1557021e+03
   4.1749013e+03
   4.1803560e+03
   4.2040905e+03
   4.2124209e+03
   4.2190363e+03
   4.2310676e+03
   4.2434150e+03
   4.2549899e+03
   4.2643020e+03
   4.2897006e+03
   4.2992809e+03
   4.3014400e+03
   4.3218087e+03
   4.3320081e+03
   4.3815369e+03
   4.3889538e+03
   4.4157170e+03
   4.4509611e+03
   4.4535352e+03
   4.4630287e+03
   4.5039728e+03
   4.5314961e+03
   4.5430967e+03
   4.5781645e+03
   4.5810680e+03
   4.5879740e+03
   4.6020814e+03
   4.6082849e+03
   4.6086301e+03
   4.6473712e+03
   4.6513589e+03
   4.6537108e+03
   4.6969399e+03
   4.7030380e+03
   4.7123092e+03
   4.7160373e+03
   4.7201647e+03
   4.7218953e+03
   4.7238160e+03
   4.7262033e+03
   4.7323841e+03
   4.7355390e+03
   4.7364981e+03
   4.7382100e+03
   4.7636186e+03
   4.7641415e+03
   4.7671509e+03
   4.7685287e+03
   4.7726425e+03
   4.7743490e+03
   4.7753201e+03
   4.7832722e+03
   4.7834149e+03
   4.7961697e+03
   4.8025135e+03
   4.8052399e+03
   4.8186628e+03
   4.8225768e+03
   4.8388840e+03
   4.8704900e+03
   4.8717541e+03
   4.8870924e+03
   4.8961138e+03
   4.8987947e+03
   4.9108428e+03
   4.9381267e+03
   4.9650740e+03
   4.9666892e+03
   4.9798940e+03
   4.9801977e+03
   4.9931960e+03
   4.9940089e+03
   4.9940830e+03
   4.9951912e+03
   4.9990201e+03
   5.0026595e+03
   5.0129052e+03
   5.0305802e+03
   5.0390345e+03
   5.0700732e+03
   5.0719051e+03
   5.0825343e+03
   5.0876494e+03
   5.0970808e+03
   5.1081821e+03
   5.1183716e+03
   5.1596511e+03
   5.1935873e+03
   5.2026762e+03
   5.2229817e+03
   5.2433309e+03
   5.2464619e+03
   5.2514850e+03
   5.2600099e+03
   5.2792181e+03
   5.2812882e+03
   5.2829208e+03
   5.2861090e+03
   5.3002834e+03
   5.3233897e+03
   5.3270493e+03
   5.3314399e+03
   5.3360798e+03
   5.3586140e+03
   5.3596217e+03
   5.3779869e+03
   5.3846911e+03
   5.3985271e+03
   5.4146001e+03
   5.4170569e+03
   5.4210951e+03
   5.4295171e+03
   5.4403884e+03
   5.4855367e+03
   5.4871928e+03
   5.4875674e+03
   5.4878150e+03
   5.4886128e+03
   5.5090759e+03
   5.5136427e+03
   5.5222389e+03
   5.5250640e+03
   5.5309284e+03
   5.5379156e+03
   5.5461048e+03
   5.5599421e+03
   5.5710192e+03
   5.6085892e+03
   5.6113448e+03
   5.6242321e+03
   5.6350974e+03
   5.6382225e+03
   5.6734694e+03
   5.6766940e+03
   5.6954991e+03
   5.7040260e+03
   5.7125913e+03
   5.7151694e+03
   5.7214139e+03
   5.7434689e+03
   5.7622987e+03
   5.7685138e+03
   5.7848183e+03
   5.7935378e+03
   5.8093074e+03
   5.8307959e+03
   5.8476340e+03
   5.8652183e+03
   5.8714640e+03
   5.9027730e+03
   5.9044880e+03
   5.9234229e+03
   5.9433099e+03
   5.9484321e+03
   5.9833186e+03
   5.9856271e+03
   6.0099907e+03
   6.0700089e+03
   6.0743311e+03
   6.0899287e+03
   6.1196179e+03
   6.1297374e+03
   6.1409076e+03
   6.1415181e+03
   6.1448016e+03
   6.2098033e+03
   6.2119512e+03
   6.2308954e+03
   6.2573731e+03
   6.2861869e+03
   6.2870507e+03
   6.3105948e+03
   6.3131228e+03
   6.3215779e+03
   6.3462421e+03
   6.3490731e+03
   6.3794721e+03
   6.3961952e+03
   6.3994502e+03
   6.4162926e+03
   6.4196561e+03
   6.4228519e+03
   6.4229139e+03
   6.4248608e+03
   6.4506007e+03
   6.4843453e+03
   6.4866940e+03
   6.5447458e+03
   6.5449680e+03
   6.5480721e+03
   6.5544353e+03
   6.5561362e+03
   6.5886448e+03
   6.5891852e+03
   6.5926535e+03
   6.6012561e+03
   6.6362619e+03
   6.6408247e+03
   6.6496960e+03
   6.6709574e+03
   6.7098730e+03
   6.7766853e+03
   6.7968793e+03
   6.7995371e+03
   6.8016900e+03
   6.8074528e+03
   6.8116234e+03
   6.8141492e+03
   6.8243628e+03
   6.8367658e+03
   6.8377248e+03
   6.8727070e+03
   6.8761253e+03
   6.8857051e+03
   6.8925422e+03
   6.9093739e+03
   6.9146390e+03
   6.9185703e+03
   6.9434495e+03
   6.9540402e+03
   6.9700137e+03
   6.9712655e+03
   6.9783908e+03
   6.9940683e+03
   7.0196738e+03
   7.0220210e+03
   7.0464160e+03
   7.0484799e+03
   7.0719094e+03
   7.0945030e+03
   7.1567911e+03
   7.1705144e+03
   7.2438832e+03
   7.2568825e+03
   7.2767957e+03
   7.2998961e+03
   7.3036271e+03
   7.3722394e+03
   7.3930300e+03
   7.4043687e+03
   7.4098441e+03
   7.4159638e+03
   7.4446846e+03
   7.4807629e+03
   7.4855112e+03
   7.4874795e+03
   7.4945979e+03
   7.5336469e+03
   7.5625231e+03
   7.5785706e+03
   7.6276064e+03
   7.6560800e+03
   7.6580512e+03
   7.7038134e+03
   7.7812486e+03
   7.8232737e+03
   7.8234832e+03
   7.8377235e+03
   7.8383052e+03
   7.8406280e+03
   7.8473290e+03
   7.8492353e+03
   7.8523607e+03
   7.8564277e+03
   7.8602266e+03
   7.8736766e+03
   7.8738549e+03
   7.8768289e+03
   7.8770657e+03
   7.8950170e+03
   7.9263721e+03
   7.9269242e+03
   7.9355601e+03
   7.9482256e+03
   7.9840008e+03
   8.0251809e+03
   8.0274779e+03
   8.0528020e+03
   8.1056462e+03
   8.1112338e+03
   8.1129930e+03
   8.1477507e+03
   8.2442257e+03
   8.3529496e+03
   8.3913197e+03
   8.4317779e+03
   8.4425260e+03
   8.4462598e+03
   8.4613555e+03
   8.6032002e+03
   8.6053884e+03
   8.6363520e+03
   8.6953407e+03
   8.7004708e+03
   8.7244107e+03
   8.7509346e+03
   8.7512576e+03
   8.7519751e+03
   8.7639637e+03
   8.8485719e+03
   8.9166140e+03
   8.9240766e+03
   8.9429649e+03
   8.9670619e+03
   8.9929039e+03
   8.9940891e+03
   9.0175958e+03
   9.0205479e+03
   9.1211409e+03
   9.1263320e+03
   9.1691756e+03
   9.1761580e+03
   9.2045180e+03
   9.2091687e+03
   9.2241269e+03
   9.2241875e+03
   9.2478632e+03
   9.2708430e+03
   9.2989062e+03
   9.3064721e+03
   9.3074382e+03
   9.3346771e+03
   9.3348168e+03
   9.4261108e+03
   9.4381419e+03
   9.4787820e+03
   9.4813574e+03
   9.4942452e+03
   9.5064651e+03
   9.5361275e+03
   9.6302933e+03
   9.6569931e+03
   9.6950370e+03
   9.7404008e+03
   9.7682909e+03
   9.7707218e+03
   9.8234763e+03
   9.9052114e+03
   9.9253268e+03
   9.9784020e+03
   1.0028033e+04
   1.0048756e+04
   1.0067518e+04
   1.0078003e+04
   1.0079281e+04
   1.0109997e+04
   1.0144227e+04
   1.0150676e+04
   1.0151520e+04
   1.0173677e+04
   1.0200024e+04
   1.0213196e+04
   1.0228358e+04
   1.0262896e+04
   1.0307859e+04
   1.0332190e+04
   1.0335999e+04
   1.0347298e+04
   1.0410408e+04
   1.0441107e+04
   1.0464389e+04
   1.0493207e+04
   1.0495029e+04
   1.0605408e+04
   1.0610925e+04
   1.0628742e+04
   1.0687383e+04
   1.0705423e+04
   1.0709555e+04
   1.0723038e+04
   1.0739493e+04
   1.0744923e+04
   1.0746158e+04
   1.0782325e+04
   1.0793134e+04
   1.0798619e+04
