   1.6811067e+01
   1.9863767e+01
   2.2312100e+01
   2.2678367e+01
   3.2209467e+01
   4.2708767e+01
   4.3044233e+01
   4.3835733e+01
   4.4047733e+01
   4.4072700e+01
   4.4644500e+01
   4.5788767e+01
   4.6101633e+01
   5.1519600e+01
   5.2333367e+01
   5.2695200e+01
   5.2892967e+01
   5.3219133e+01
   5.3741133e+01
   5.6021633e+01
   5.6122167e+01
   5.7347500e+01
   5.7975433e+01
   6.1226400e+01
   6.7574333e+01
   8.2520600e+01
   8.2578233e+01
   8.3366100e+01
   8.4319433e+01
   1.3087963e+02
   1.4363353e+02
   1.4519947e+02
   1.4746433e+02
   1.6242030e+02
   1.6670263e+02
   1.9197790e+02
   1.9199137e+02
   1.9216760e+02
   2.0483533e+02
   2.1871633e+02
   2.2572587e+02
   2.2652633e+02
   2.2654253e+02
   2.3675887e+02
   2.4208060e+02
   2.4599620e+02
   2.4765470e+02
   2.4766157e+02
   2.6182867e+02
   2.6183360e+02
   2.9043793e+02
   2.9051297e+02
   2.9056133e+02
   2.9074617e+02
   2.9145363e+02
   2.9248153e+02
   2.9778297e+02
   2.9789453e+02
   3.0722953e+02
   3.1033233e+02
   3.1036460e+02
   3.1160350e+02
   3.1227867e+02
   3.1425843e+02
   3.1883557e+02
   3.2563193e+02
   3.2644300e+02
   3.2647283e+02
   3.3248503e+02
   3.3300777e+02
   3.3302060e+02
   3.3984550e+02
   3.4266640e+02
   3.4853293e+02
   3.5258907e+02
   3.5727490e+02
   3.5778917e+02
   3.6085503e+02
   3.6389587e+02
   3.6423673e+02
   3.6459600e+02
   3.6537953e+02
   3.6572430e+02
   3.6656593e+02
   3.6659190e+02
   3.6751063e+02
   3.7088210e+02
   3.7093620e+02
   3.7107517e+02
   3.7340473e+02
   3.7362597e+02
   4.0048140e+02
   4.0246933e+02
   4.0252560e+02
   4.4037940e+02
   4.4623747e+02
   4.5109963e+02
   4.7076167e+02
   4.7076570e+02
   4.7799147e+02
   4.8144933e+02
   4.8539533e+02
   4.8594440e+02
   4.8602347e+02
   5.0204917e+02
   5.0236350e+02
   5.0296690e+02
   5.0383990e+02
   5.0397910e+02
   5.0709657e+02
   5.1081213e+02
   5.1843703e+02
   5.2953200e+02
   5.3081560e+02
   5.3300923e+02
   5.3522567e+02
   5.3523250e+02
   5.4117403e+02
   5.4133220e+02
   5.4210180e+02
   5.4683900e+02
   5.4720717e+02
   5.5459577e+02
   5.5462013e+02
   5.5687867e+02
   5.6574803e+02
   5.6575520e+02
   5.6761123e+02
   5.7842107e+02
   5.8520147e+02
   5.8878143e+02
   5.8985053e+02
   6.0171687e+02
   6.2267623e+02
   6.2651870e+02
   6.3350550e+02
   6.4203377e+02
   6.4435100e+02
   6.4690667e+02
   6.5013423e+02
   6.7201597e+02
   6.7689597e+02
   6.8254790e+02
   6.8428897e+02
   6.8770477e+02
   7.0339317e+02
   7.2001543e+02
   7.2144200e+02
   7.2570560e+02
   7.3173460e+02
   7.3173727e+02
   7.3923873e+02
   7.3939870e+02
   7.4120980e+02
   7.4178143e+02
   7.4182137e+02
   7.4182377e+02
   7.4210393e+02
   7.4236120e+02
   7.5776863e+02
   7.5779330e+02
   7.6158643e+02
   7.6566980e+02
   7.7732870e+02
   7.7963783e+02
   7.8049547e+02
   7.8065757e+02
   7.8090390e+02
   8.0105897e+02
   8.1404097e+02
   8.1644323e+02
   8.1655303e+02
   8.2648860e+02
   8.2734840e+02
   8.3794993e+02
   8.4412793e+02
   8.4761140e+02
   8.4761770e+02
   8.5401800e+02
   8.5693303e+02
   8.5832910e+02
   8.6630757e+02
   8.8575440e+02
   8.8684193e+02
   8.8742920e+02
   8.8746370e+02
   8.9364667e+02
   8.9381290e+02
   8.9411273e+02
   8.9439320e+02
   8.9459543e+02
   8.9566510e+02
   8.9576613e+02
   8.9685480e+02
   8.9713423e+02
   8.9921510e+02
   8.9991740e+02
   9.0350217e+02
   9.1875633e+02
   9.2083730e+02
   9.4815397e+02
   9.7418787e+02
   9.8357900e+02
   9.9066890e+02
   9.9076650e+02
   1.0082059e+03
   1.0082075e+03
   1.0197769e+03
   1.0212680e+03
   1.0213935e+03
   1.0215615e+03
   1.0215739e+03
   1.0291176e+03
   1.0328082e+03
   1.0598191e+03
   1.0718113e+03
   1.0718614e+03
   1.0872598e+03
   1.0872623e+03
   1.0906997e+03
   1.0983298e+03
   1.1056953e+03
   1.1177938e+03
   1.1184659e+03
   1.1188726e+03
   1.1192438e+03
   1.1193367e+03
   1.1198880e+03
   1.1209223e+03
   1.1215956e+03
   1.1219410e+03
   1.1245356e+03
   1.1279913e+03
   1.1290124e+03
   1.1290788e+03
   1.1292465e+03
   1.1322853e+03
   1.1325098e+03
   1.1363353e+03
   1.1368980e+03
   1.1709090e+03
   1.1789978e+03
   1.1794832e+03
   1.1826577e+03
   1.1827782e+03
   1.1877380e+03
   1.1920099e+03
   1.1924871e+03
   1.1934746e+03
   1.1990246e+03
   1.2052866e+03
   1.2191685e+03
   1.2360792e+03
   1.2416741e+03
   1.2416947e+03
   1.2455091e+03
   1.2463212e+03
   1.2534281e+03
   1.2565405e+03
   1.2633933e+03
   1.2638141e+03
   1.2666654e+03
   1.2669189e+03
   1.2670275e+03
   1.2674790e+03
   1.2705328e+03
   1.2706196e+03
   1.2792634e+03
   1.2872431e+03
   1.2891240e+03
   1.2998982e+03
   1.3005580e+03
   1.3008929e+03
   1.3060607e+03
   1.3170582e+03
   1.3171274e+03
   1.3249206e+03
   1.3249207e+03
   1.3263738e+03
   1.3274234e+03
   1.3427633e+03
   1.3534596e+03
   1.3569198e+03
   1.3594808e+03
   1.3599944e+03
   1.3708740e+03
   1.3876764e+03
   1.3997296e+03
   1.4225209e+03
   1.4228407e+03
   1.4335891e+03
   1.4342882e+03
   1.4345141e+03
   1.4345376e+03
   1.4351097e+03
   1.4354316e+03
   1.4413218e+03
   1.4481648e+03
   1.4586102e+03
   1.4623875e+03
   1.4633613e+03
   1.4669198e+03
   1.4686700e+03
   1.4707468e+03
   1.4722535e+03
   1.4841970e+03
   1.4847018e+03
   1.4848209e+03
   1.4849897e+03
   1.4854457e+03
   1.4882119e+03
   1.4981713e+03
   1.5077414e+03
   1.5111383e+03
   1.5118951e+03
   1.5126270e+03
   1.5136419e+03
   1.5144847e+03
   1.5144951e+03
   1.5215846e+03
   1.5247800e+03
   1.5252467e+03
   1.5293894e+03
   1.5339191e+03
   1.5405889e+03
   1.5493789e+03
   1.5507293e+03
   1.5699200e+03
   1.5727733e+03
   1.5792630e+03
   1.5819941e+03
   1.5824100e+03
   1.5848714e+03
   1.5852096e+03
   1.5852153e+03
   1.5878428e+03
   1.5896581e+03
   1.5949724e+03
   1.5995484e+03
   1.6149228e+03
   1.6153852e+03
   1.6220448e+03
   1.6237253e+03
   1.6387496e+03
   1.6479295e+03
   1.6494250e+03
   1.6502724e+03
   1.6526685e+03
   1.6593323e+03
   1.6599306e+03
   1.6627162e+03
   1.6714368e+03
   1.6769037e+03
   1.6801208e+03
   1.6802360e+03
   1.6837334e+03
   1.6846774e+03
   1.6861659e+03
   1.6871396e+03
   1.6874379e+03
   1.6916786e+03
   1.6929510e+03
   1.6955591e+03
   1.7005116e+03
   1.7005226e+03
   1.7005364e+03
   1.7007106e+03
   1.7212893e+03
   1.7344628e+03
   1.7370329e+03
   1.7391635e+03
   1.7561011e+03
   1.7648967e+03
   1.7993918e+03
   1.7996272e+03
   1.8007765e+03
   1.8012162e+03
   1.8119154e+03
   1.8119346e+03
   1.8136242e+03
   1.8150021e+03
   1.8172211e+03
   1.8330255e+03
   1.8389512e+03
   1.8433639e+03
   1.8479058e+03
   1.8812751e+03
   1.8844710e+03
   1.8924576e+03
   1.9107525e+03
   1.9170724e+03
   1.9219469e+03
   1.9476587e+03
   1.9527799e+03
   1.9658009e+03
   1.9698901e+03
   1.9726047e+03
   1.9776474e+03
   1.9784430e+03
   1.9859332e+03
   1.9933699e+03
   2.0281841e+03
   2.0672594e+03
   2.0677728e+03
   2.0695618e+03
   2.0752703e+03
   2.0757781e+03
   2.0803391e+03
   2.0959233e+03
   2.1098245e+03
   2.1169091e+03
   2.1171081e+03
   2.1289979e+03
   2.1478984e+03
   2.1698854e+03
   2.1849479e+03
   2.1899952e+03
   2.1900083e+03
   2.2266554e+03
   2.2355699e+03
   2.2461652e+03
   2.2479030e+03
   2.2495542e+03
   2.2664449e+03
   2.2699688e+03
   2.2742374e+03
   2.2942773e+03
   2.3027443e+03
   2.3040354e+03
   2.3047120e+03
   2.3107729e+03
   2.3233442e+03
   2.3244791e+03
   2.3304604e+03
   2.3431871e+03
   2.3575664e+03
   2.3633236e+03
   2.3633290e+03
   2.3633295e+03
   2.3645587e+03
   2.3662568e+03
   2.3670957e+03
   2.3700540e+03
   2.3702006e+03
   2.3704120e+03
   2.3793130e+03
   2.3813690e+03
   2.3816761e+03
   2.3842195e+03
   2.3878796e+03
   2.4066661e+03
   2.4126245e+03
   2.4166432e+03
   2.4172706e+03
   2.4186749e+03
   2.4266578e+03
   2.4453710e+03
   2.4455994e+03
   2.4572394e+03
   2.4593534e+03
   2.4783776e+03
   2.4807623e+03
   2.4823235e+03
   2.4902290e+03
   2.4902310e+03
   2.4902349e+03
   2.4908720e+03
   2.4970574e+03
   2.4970637e+03
   2.5068762e+03
   2.5126440e+03
   2.5132796e+03
   2.5259350e+03
   2.5271097e+03
   2.5314284e+03
   2.5330426e+03
   2.5344423e+03
   2.5392293e+03
   2.5560707e+03
   2.5573401e+03
   2.5580276e+03
   2.5609560e+03
   2.5844838e+03
   2.5856053e+03
   2.5856067e+03
   2.5887929e+03
   2.5910091e+03
   2.5910533e+03
   2.5911898e+03
   2.5928778e+03
   2.5930854e+03
   2.6058791e+03
   2.6086132e+03
   2.6112302e+03
   2.6112719e+03
   2.6113400e+03
   2.6179170e+03
   2.6260313e+03
   2.6280979e+03
   2.6285215e+03
   2.6289798e+03
   2.6300516e+03
   2.6300571e+03
   2.6410585e+03
   2.6439972e+03
   2.6504265e+03
   2.6525930e+03
   2.6526638e+03
   2.6562346e+03
   2.6601546e+03
   2.6613330e+03
   2.6690631e+03
   2.6696915e+03
   2.6765135e+03
   2.6774583e+03
   2.7031459e+03
   2.7048110e+03
   2.7080588e+03
   2.7090342e+03
   2.7090391e+03
   2.7163178e+03
   2.7193677e+03
   2.7199503e+03
   2.7214663e+03
   2.7214780e+03
   2.7310131e+03
   2.7311375e+03
   2.7311485e+03
   2.7311529e+03
   2.7320191e+03
   2.7457652e+03
   2.7508547e+03
   2.7517933e+03
   2.7518033e+03
   2.7555655e+03
   2.7608494e+03
   2.7664384e+03
   2.7770507e+03
   2.7853223e+03
   2.7895280e+03
   2.7911634e+03
   2.7912486e+03
   2.7955320e+03
   2.7985780e+03
   2.8118664e+03
   2.8136552e+03
   2.8148098e+03
   2.8189994e+03
   2.8267353e+03
   2.8276909e+03
   2.8296131e+03
   2.8357249e+03
   2.8357342e+03
   2.8358463e+03
   2.8358706e+03
   2.8364876e+03
   2.8469309e+03
   2.8493941e+03
   2.8665812e+03
   2.8722124e+03
   2.8723762e+03
   2.8732899e+03
   2.8747310e+03
   2.8767188e+03
   2.8784247e+03
   2.8799775e+03
   2.8862466e+03
   2.8878046e+03
   2.8881221e+03
   2.8882924e+03
   2.8912932e+03
   2.8930696e+03
   2.8945694e+03
   2.9193807e+03
   2.9198375e+03
   2.9203911e+03
   2.9253167e+03
   2.9293109e+03
   2.9391245e+03
   2.9411158e+03
   2.9454391e+03
   2.9468241e+03
   2.9551823e+03
   2.9559351e+03
   2.9616888e+03
   2.9649987e+03
   2.9651086e+03
   2.9750952e+03
   2.9840143e+03
   2.9899297e+03
   2.9899585e+03
   2.9923883e+03
   2.9948108e+03
   3.0041322e+03
   3.0112525e+03
   3.0245820e+03
   3.0247657e+03
   3.0286607e+03
   3.0302464e+03
   3.0484091e+03
   3.0484974e+03
   3.0521358e+03
   3.0525684e+03
   3.0629084e+03
   3.0676237e+03
   3.0678326e+03
   3.0695410e+03
   3.0695463e+03
   3.0705115e+03
   3.0722931e+03
   3.0741657e+03
   3.0812595e+03
   3.0828279e+03
   3.0958076e+03
   3.0966710e+03
   3.0966976e+03
   3.0967138e+03
   3.0967553e+03
   3.0974304e+03
   3.0980665e+03
   3.1005540e+03
   3.1065513e+03
   3.1178016e+03
   3.1178275e+03
   3.1230071e+03
   3.1245059e+03
   3.1256580e+03
   3.1257747e+03
   3.1313812e+03
   3.1628028e+03
   3.1806595e+03
   3.1809696e+03
   3.1809767e+03
   3.1821467e+03
   3.1945240e+03
   3.1949950e+03
   3.1969139e+03
   3.1984532e+03
   3.1991775e+03
   3.2030076e+03
   3.2061956e+03
   3.2081470e+03
   3.2083727e+03
   3.2091295e+03
   3.2250493e+03
   3.2322255e+03
   3.2351854e+03
   3.2355332e+03
   3.2357788e+03
   3.2488028e+03
   3.2493136e+03
   3.2507165e+03
   3.2640476e+03
   3.2740908e+03
   3.2750409e+03
   3.2756763e+03
   3.2758888e+03
   3.2775415e+03
   3.2784073e+03
   3.2826221e+03
   3.2862458e+03
   3.2897381e+03
   3.2907772e+03
   3.3103242e+03
   3.3268304e+03
   3.3271348e+03
   3.3272785e+03
   3.3301657e+03
   3.3307684e+03
   3.3351394e+03
   3.3356569e+03
   3.3384790e+03
   3.3414286e+03
   3.3420736e+03
   3.3427384e+03
   3.3438486e+03
   3.3459006e+03
   3.3628938e+03
   3.3647961e+03
   3.3677238e+03
   3.3749702e+03
   3.3775380e+03
   3.3790171e+03
   3.3811849e+03
   3.3850317e+03
   3.3970402e+03
   3.4099131e+03
   3.4136259e+03
   3.4198959e+03
   3.4234512e+03
   3.4341739e+03
   3.4374540e+03
   3.4388800e+03
   3.4450149e+03
   3.4455825e+03
   3.4457102e+03
   3.4525611e+03
   3.4718086e+03
   3.4806484e+03
   3.4818576e+03
   3.4831558e+03
   3.4832966e+03
   3.4836728e+03
   3.4843699e+03
   3.4889992e+03
   3.4986512e+03
   3.5360691e+03
   3.5398844e+03
   3.5476666e+03
   3.5629638e+03
   3.5695874e+03
   3.5709999e+03
   3.5724388e+03
   3.5729304e+03
   3.5730499e+03
   3.5730569e+03
   3.5823990e+03
   3.5824219e+03
   3.5970078e+03
   3.5985309e+03
   3.6008880e+03
   3.6014832e+03
   3.6019668e+03
   3.6084436e+03
   3.6135967e+03
   3.6154928e+03
   3.6155082e+03
   3.6202938e+03
   3.6264952e+03
   3.6271055e+03
   3.6279033e+03
   3.6345502e+03
   3.6419284e+03
   3.6489434e+03
   3.6718670e+03
   3.6756283e+03
   3.6944058e+03
   3.6984052e+03
   3.6998024e+03
   3.7014474e+03
   3.7014746e+03
   3.7051959e+03
   3.7073569e+03
   3.7084884e+03
   3.7102747e+03
   3.7113380e+03
   3.7131900e+03
   3.7164772e+03
   3.7194744e+03
   3.7195843e+03
   3.7217366e+03
   3.7335147e+03
   3.7336525e+03
   3.7359186e+03
   3.7359235e+03
   3.7360579e+03
   3.7377691e+03
   3.7381099e+03
   3.7383219e+03
   3.7395535e+03
   3.7395969e+03
   3.7399360e+03
   3.7510234e+03
   3.7642260e+03
   3.7656287e+03
   3.7691010e+03
   3.7712990e+03
   3.7725455e+03
   3.7737833e+03
   3.7954868e+03
   3.8050525e+03
   3.8052707e+03
   3.8055538e+03
   3.8065121e+03
   3.8065793e+03
   3.8100489e+03
   3.8131026e+03
   3.8145522e+03
   3.8148796e+03
   3.8157197e+03
   3.8170276e+03
   3.8273389e+03
   3.8276897e+03
   3.8284568e+03
   3.8343780e+03
   3.8639507e+03
   3.8662901e+03
   3.8772036e+03
   3.8777462e+03
   3.8780361e+03
   3.8925320e+03
   3.9011027e+03
   3.9084501e+03
   3.9112661e+03
   3.9139893e+03
   3.9152895e+03
   3.9176197e+03
   3.9189129e+03
   3.9190692e+03
   3.9208628e+03
   3.9231683e+03
   3.9240529e+03
   3.9261059e+03
   3.9268204e+03
   3.9518217e+03
   3.9569973e+03
   3.9590463e+03
   3.9617265e+03
   3.9764359e+03
   3.9764491e+03
   3.9797393e+03
   3.9914584e+03
   3.9941596e+03
   3.9944827e+03
   3.9969777e+03
   3.9969882e+03
   3.9972980e+03
   3.9979907e+03
   4.0025090e+03
   4.0031990e+03
   4.0037818e+03
   4.0159111e+03
   4.0170271e+03
   4.0180817e+03
   4.0229847e+03
   4.0256310e+03
   4.0256418e+03
   4.0387794e+03
   4.0389715e+03
   4.0389732e+03
   4.0448853e+03
   4.0519010e+03
   4.0522577e+03
   4.0525353e+03
   4.0545833e+03
   4.0553724e+03
   4.0569761e+03
   4.0574860e+03
   4.0578304e+03
   4.0578672e+03
   4.0598669e+03
   4.0610394e+03
   4.0627486e+03
   4.0700180e+03
   4.0718155e+03
   4.0816273e+03
   4.0841889e+03
   4.0853682e+03
   4.0858506e+03
   4.0867571e+03
   4.0886208e+03
   4.0912662e+03
   4.1022815e+03
   4.1043447e+03
   4.1044146e+03
   4.1062694e+03
   4.1062782e+03
   4.1094049e+03
   4.1094153e+03
   4.1108063e+03
   4.1114537e+03
   4.1120408e+03
   4.1130367e+03
   4.1233120e+03
   4.1261621e+03
   4.1264983e+03
   4.1408348e+03
   4.1408727e+03
   4.1412776e+03
   4.1416102e+03
   4.1419934e+03
   4.1424372e+03
   4.1426471e+03
   4.1428150e+03
   4.1428215e+03
   4.1440181e+03
   4.1475921e+03
   4.1480496e+03
   4.1480637e+03
   4.1495406e+03
   4.1496741e+03
   4.1504604e+03
   4.1504655e+03
   4.1519547e+03
   4.1521550e+03
   4.1529838e+03
   4.1597314e+03
   4.1614927e+03
   4.1615093e+03
   4.1617089e+03
   4.1626236e+03
   4.1725482e+03
   4.1731300e+03
   4.1814104e+03
   4.1814790e+03
   4.1817639e+03
   4.1817719e+03
   4.1869186e+03
   4.2065529e+03
   4.2065694e+03
   4.2086081e+03
   4.2186420e+03
   4.2186676e+03
   4.2202939e+03
   4.2296016e+03
   4.2315975e+03
   4.2337212e+03
   4.2337317e+03
   4.2526699e+03
   4.2763747e+03
   4.2765585e+03
   4.2896921e+03
   4.3564925e+03
   4.3613041e+03
   4.3884259e+03
   4.3955226e+03
   4.3999833e+03
   4.4008194e+03
   4.4045052e+03
   4.4066865e+03
   4.4067167e+03
   4.4085882e+03
   4.4095102e+03
   4.4109763e+03
   4.4193278e+03
   4.4231443e+03
   4.4310532e+03
   4.4334914e+03
   4.4347017e+03
   4.4359153e+03
   4.4383130e+03
   4.4387900e+03
   4.4402367e+03
   4.4496389e+03
   4.4497816e+03
   4.4499150e+03
   4.4528678e+03
   4.4583657e+03
   4.4594693e+03
   4.4608087e+03
   4.4608360e+03
   4.4608629e+03
   4.4625070e+03
   4.4655170e+03
   4.4657569e+03
   4.4844459e+03
   4.4861823e+03
   4.4861942e+03
   4.4937051e+03
   4.5007779e+03
   4.5013877e+03
   4.5015201e+03
   4.5016484e+03
   4.5016798e+03
   4.5039650e+03
   4.5098114e+03
   4.5128462e+03
   4.5177345e+03
   4.5177368e+03
   4.5182666e+03
   4.5189936e+03
   4.5201559e+03
   4.5208277e+03
   4.5261114e+03
   4.5272705e+03
   4.5291104e+03
   4.5291155e+03
   4.5316609e+03
   4.5330678e+03
   4.5368844e+03
   4.5381908e+03
   4.5382597e+03
   4.5386958e+03
   4.5465976e+03
   4.5477908e+03
   4.5478376e+03
   4.5545155e+03
   4.5558935e+03
   4.5558976e+03
   4.5613571e+03
   4.5613813e+03
   4.5628646e+03
   4.5647560e+03
   4.5661628e+03
   4.5713423e+03
   4.5735388e+03
   4.5735694e+03
   4.5735728e+03
   4.5757876e+03
   4.5764447e+03
   4.5778267e+03
   4.5812152e+03
   4.5834696e+03
   4.5838137e+03
   4.5840708e+03
   4.5884263e+03
   4.5886788e+03
   4.5886841e+03
   4.5887928e+03
   4.5903141e+03
   4.5925231e+03
   4.5955809e+03
   4.5998676e+03
   4.6013416e+03
   4.6020725e+03
   4.6042676e+03
   4.6045421e+03
   4.6073682e+03
   4.6107397e+03
   4.6121976e+03
   4.6164640e+03
   4.6198048e+03
   4.6213396e+03
   4.6215160e+03
   4.6237317e+03
   4.6318810e+03
   4.6383725e+03
   4.6457241e+03
   4.6519529e+03
   4.6527566e+03
   4.6546947e+03
   4.6553726e+03
   4.6620161e+03
   4.6620230e+03
   4.6657430e+03
   4.6970532e+03
   4.7014968e+03
   4.7048419e+03
   4.7150257e+03
   4.7162586e+03
   4.7263516e+03
   4.7272307e+03
   4.7279103e+03
   4.7280348e+03
   4.7345655e+03
   4.7347921e+03
   4.7374654e+03
   4.7390908e+03
   4.7589866e+03
   4.7594293e+03
   4.7601593e+03
   4.7612557e+03
   4.7619225e+03
   4.7620539e+03
   4.7685889e+03
   4.7687537e+03
   4.7687700e+03
   4.7786968e+03
   4.7788658e+03
   4.7817312e+03
   4.7845178e+03
   4.7845267e+03
   4.7846235e+03
   4.7851233e+03
   4.7853659e+03
   4.7918700e+03
   4.7990157e+03
   4.8272037e+03
   4.8273631e+03
   4.8278521e+03
   4.8281676e+03
   4.8283835e+03
   4.8284925e+03
   4.8286562e+03
   4.8287695e+03
   4.8394128e+03
   4.8421765e+03
   4.8428915e+03
   4.8441621e+03
   4.8445610e+03
   4.8536089e+03
   4.8543947e+03
   4.8570367e+03
   4.8571353e+03
   4.8572400e+03
   4.8610876e+03
   4.8640576e+03
   4.8688243e+03
   4.8757686e+03
   4.8767432e+03
   4.8888650e+03
   4.8956708e+03
   4.8958936e+03
   4.8968813e+03
   4.8987036e+03
   4.8988371e+03
   4.8994505e+03
   4.9035806e+03
   4.9040678e+03
   4.9186638e+03
   4.9196260e+03
   4.9227932e+03
   4.9290642e+03
   4.9292319e+03
   4.9294880e+03
   4.9296456e+03
   4.9298923e+03
   4.9299489e+03
   4.9304612e+03
   4.9305778e+03
   4.9319754e+03
   4.9641498e+03
   4.9653496e+03
   4.9685246e+03
   4.9689186e+03
   4.9689568e+03
   4.9692391e+03
   4.9697436e+03
   4.9840806e+03
   4.9938582e+03
   4.9939481e+03
   4.9960004e+03
   4.9977364e+03
   4.9980649e+03
   5.0000739e+03
   5.0004167e+03
   5.0005878e+03
   5.0006085e+03
   5.0008029e+03
   5.0009114e+03
   5.0009532e+03
   5.0010900e+03
   5.0012412e+03
   5.0021702e+03
   5.0022196e+03
   5.0022498e+03
   5.0022742e+03
   5.0027527e+03
   5.0029727e+03
   5.0038931e+03
   5.0175420e+03
   5.0239219e+03
   5.0304089e+03
   5.0330183e+03
   5.0332975e+03
   5.0339149e+03
   5.0387765e+03
   5.0454469e+03
   5.0454818e+03
   5.0458230e+03
   5.0459219e+03
   5.0459716e+03
   5.0460985e+03
   5.0461865e+03
   5.0462606e+03
   5.0462815e+03
   5.0691378e+03
   5.0709744e+03
   5.0749927e+03
   5.0752289e+03
   5.0761031e+03
   5.0763990e+03
   5.0771428e+03
   5.1107303e+03
   5.1107836e+03
   5.1175313e+03
   5.1176666e+03
   5.1177284e+03
   5.1177609e+03
   5.1179796e+03
   5.1184833e+03
   5.1186740e+03
   5.1187075e+03
   5.1460485e+03
   5.1460677e+03
   5.1461563e+03
   5.1469147e+03
   5.1471155e+03
   5.1477071e+03
   5.1480893e+03
   5.1527513e+03
   5.1749436e+03
   5.1797997e+03
   5.1854851e+03
   5.1976873e+03
   5.2057512e+03
   5.2176844e+03
   5.2185546e+03
   5.2237224e+03
   5.2304319e+03
   5.2306987e+03
   5.2308450e+03
   5.2308513e+03
   5.2309511e+03
   5.2311349e+03
   5.2312342e+03
   5.2322138e+03
   5.2324989e+03
   5.2380417e+03
   5.2474298e+03
   5.2692268e+03
   5.2696593e+03
   5.2800366e+03
   5.2859278e+03
   5.2998621e+03
   5.3008139e+03
   5.3065753e+03
   5.3089936e+03
   5.3091122e+03
   5.3093392e+03
   5.3103724e+03
   5.3104628e+03
   5.3104937e+03
   5.3108477e+03
   5.3111782e+03
   5.3112085e+03
   5.3113664e+03
   5.3114735e+03
   5.3115871e+03
   5.3247799e+03
   5.3313849e+03
   5.3470823e+03
   5.3526163e+03
   5.3549972e+03
   5.3599409e+03
   5.3603256e+03
   5.3606912e+03
   5.3752337e+03
   5.3828490e+03
   5.3873510e+03
   5.3875163e+03
   5.3881959e+03
   5.3884304e+03
   5.3884993e+03
   5.3887006e+03
   5.3888272e+03
   5.3888442e+03
   5.3889717e+03
   5.3891216e+03
   5.3984694e+03
   5.4022565e+03
   5.4026707e+03
   5.4115867e+03
   5.4128379e+03
   5.4206872e+03
   5.4237192e+03
   5.4269153e+03
   5.4280691e+03
   5.4404500e+03
   5.4487629e+03
   5.4520395e+03
   5.4534934e+03
   5.4536737e+03
   5.4911122e+03
   5.4965248e+03
   5.5137650e+03
   5.5139351e+03
   5.5141354e+03
   5.5142599e+03
   5.5143518e+03
   5.5143544e+03
   5.5143669e+03
   5.5143845e+03
   5.5144015e+03
   5.5144131e+03
   5.5144700e+03
   5.5144835e+03
   5.5144962e+03
   5.5309342e+03
   5.5310809e+03
   5.5313245e+03
   5.5313286e+03
   5.5339078e+03
   5.5364058e+03
   5.5398756e+03
   5.5419082e+03
   5.5421916e+03
   5.5426955e+03
   5.5427636e+03
   5.5433350e+03
   5.5435700e+03
   5.5436927e+03
   5.5438538e+03
   5.5439043e+03
   5.5574494e+03
   5.5646948e+03
   5.5794479e+03
   5.5822719e+03
   5.5829106e+03
   5.5855245e+03
   5.6065859e+03
   5.6116716e+03
   5.6121295e+03
   5.6122213e+03
   5.6122332e+03
   5.6122602e+03
   5.6122761e+03
   5.6129980e+03
   5.6266637e+03
   5.6270387e+03
   5.6270484e+03
   5.6282743e+03
   5.6284437e+03
   5.6375293e+03
   5.6395227e+03
   5.6400345e+03
   5.6404009e+03
   5.6407953e+03
   5.6410067e+03
   5.6410911e+03
   5.6413108e+03
   5.6413254e+03
   5.6415211e+03
   5.6590509e+03
   5.6600536e+03
   5.6662267e+03
   5.6663808e+03
   5.6815178e+03
   5.6815761e+03
   5.6816321e+03
   5.6816374e+03
   5.6817741e+03
   5.6817950e+03
   5.6818130e+03
   5.6996788e+03
   5.7012808e+03
   5.7023696e+03
   5.7025455e+03
   5.7026410e+03
   5.7100876e+03
   5.7123470e+03
   5.7126522e+03
   5.7142068e+03
   5.7232021e+03
   5.7276331e+03
   5.7292994e+03
   5.7294355e+03
   5.7473950e+03
   5.7492523e+03
   5.7588288e+03
   5.7672546e+03
   5.7672573e+03
   5.7673245e+03
   5.7673332e+03
   5.7674196e+03
   5.7674623e+03
   5.7674810e+03
   5.7674947e+03
   5.7806159e+03
   5.7806501e+03
   5.7806706e+03
   5.7815118e+03
   5.7817017e+03
   5.7872740e+03
   5.7906814e+03
   5.7909563e+03
   5.7911704e+03
   5.7913083e+03
   5.7916784e+03
   5.8027104e+03
   5.8038013e+03
   5.8155571e+03
   5.8168271e+03
   5.8218370e+03
   5.8338347e+03
   5.8338748e+03
   5.8338950e+03
   5.8339514e+03
   5.8339778e+03
   5.8340789e+03
   5.8543657e+03
   5.8551834e+03
   5.8556273e+03
   5.8606069e+03
   5.8609016e+03
   5.8623479e+03
   5.8624116e+03
   5.8628522e+03
   5.8629684e+03
   5.8635099e+03
   5.8636755e+03
   5.8637286e+03
   5.8639216e+03
   5.8642808e+03
   5.8643987e+03
   5.8775506e+03
   5.8932488e+03
   5.9073637e+03
   5.9160268e+03
   5.9252429e+03
   5.9255459e+03
   5.9255768e+03
   5.9256012e+03
   5.9256129e+03
   5.9256451e+03
   5.9257615e+03
   5.9371910e+03
   5.9380259e+03
   5.9445173e+03
   5.9446552e+03
   5.9450330e+03
   5.9452652e+03
   5.9452828e+03
   5.9453901e+03
   5.9454353e+03
   5.9457389e+03
   5.9460866e+03
   5.9461497e+03
   5.9467367e+03
   5.9730638e+03
   5.9856606e+03
   5.9860414e+03
   5.9883734e+03
   5.9884481e+03
   5.9886796e+03
   5.9887064e+03
   5.9887281e+03
   5.9887574e+03
   5.9887738e+03
   5.9888436e+03
   6.0070800e+03
   6.0087157e+03
   6.0141166e+03
   6.0159756e+03
   6.0161569e+03
   6.0163603e+03
   6.0173347e+03
   6.0463333e+03
   6.0463821e+03
   6.0529801e+03
   6.0604170e+03
   6.0613014e+03
   6.0649082e+03
   6.0706338e+03
   6.0789095e+03
   6.0789716e+03
   6.0789995e+03
   6.0790018e+03
   6.0790077e+03
   6.0790119e+03
   6.0790333e+03
   6.0790478e+03
   6.0790863e+03
   6.0791570e+03
   6.1146949e+03
   6.1266729e+03
   6.1388788e+03
   6.1406679e+03
   6.1409278e+03
   6.1420687e+03
   6.1425139e+03
   6.1519193e+03
   6.1521113e+03
   6.1657134e+03
   6.1704335e+03
   6.1890691e+03
   6.1931792e+03
   6.2131918e+03
   6.2132270e+03
   6.2153739e+03
   6.2163857e+03
   6.2169898e+03
   6.2284599e+03
   6.2290411e+03
   6.2292707e+03
   6.2355673e+03
   6.2368555e+03
   6.2368727e+03
   6.2372075e+03
   6.2379708e+03
   6.2383041e+03
   6.2384150e+03
   6.2392330e+03
   6.2399452e+03
   6.2411720e+03
   6.2422252e+03
   6.2422541e+03
   6.2422594e+03
   6.2427755e+03
   6.2573274e+03
   6.2707561e+03
   6.2744798e+03
   6.2862968e+03
   6.2895366e+03
   6.2895860e+03
   6.2932751e+03
   6.3082875e+03
   6.3086605e+03
   6.3101182e+03
   6.3132172e+03
   6.3134124e+03
   6.3170845e+03
   6.3352234e+03
   6.3371888e+03
   6.3891837e+03
   6.3927565e+03
   6.3973535e+03
   6.3974713e+03
   6.3981289e+03
   6.3982124e+03
   6.4184642e+03
   6.4228403e+03
   6.4235569e+03
   6.4244154e+03
   6.4245529e+03
   6.4245701e+03
   6.4247378e+03
   6.4249790e+03
   6.4260655e+03
   6.4316216e+03
   6.4317336e+03
   6.4593458e+03
   6.4594561e+03
   6.4787604e+03
   6.4867082e+03
   6.4916641e+03
   6.4921188e+03
   6.4927514e+03
   6.4928572e+03
   6.4929595e+03
   6.4936468e+03
   6.5042225e+03
   6.5099304e+03
   6.5108625e+03
   6.5110837e+03
   6.5111463e+03
   6.5114594e+03
   6.5301972e+03
   6.5465355e+03
   6.5479555e+03
   6.5536897e+03
   6.5553602e+03
   6.5554012e+03
   6.5561736e+03
   6.5576551e+03
   6.5578768e+03
   6.5750207e+03
   6.5774533e+03
   6.5872455e+03
   6.5874619e+03
   6.5923145e+03
   6.5935024e+03
   6.5952554e+03
   6.5954760e+03
   6.5955316e+03
   6.5956645e+03
   6.5959133e+03
   6.5977535e+03
   6.5984576e+03
   6.6386976e+03
   6.6493150e+03
   6.6563658e+03
   6.6566773e+03
   6.6568102e+03
   6.6578458e+03
   6.6599076e+03
   6.6599166e+03
   6.6636558e+03
   6.6670092e+03
   6.6688817e+03
   6.6937113e+03
   6.6939420e+03
   6.6994058e+03
   6.7018695e+03
   6.7023352e+03
   6.7038815e+03
   6.7039152e+03
   6.7040541e+03
   6.7042785e+03
   6.7044116e+03
   6.7046944e+03
   6.7047144e+03
   6.7048557e+03
   6.7048809e+03
   6.7099125e+03
   6.7103365e+03
   6.7224155e+03
   6.7261695e+03
   6.7272324e+03
   6.7353362e+03
   6.7395076e+03
   6.7435679e+03
   6.7451965e+03
   6.7730861e+03
   6.7736994e+03
   6.7737701e+03
   6.7755723e+03
   6.7756232e+03
   6.7759428e+03
   6.7763332e+03
   6.7837152e+03
   6.7837389e+03
   6.7868507e+03
   6.7926154e+03
   6.7958538e+03
   6.8000322e+03
   6.8001884e+03
   6.8012039e+03
   6.8067894e+03
   6.8098658e+03
   6.8099768e+03
   6.8100154e+03
   6.8101998e+03
   6.8104536e+03
   6.8104708e+03
   6.8113394e+03
   6.8113897e+03
   6.8271674e+03
   6.8272373e+03
   6.8296063e+03
   6.8298778e+03
   6.8298952e+03
   6.8300536e+03
   6.8303351e+03
   6.8345330e+03
   6.8379492e+03
   6.8398033e+03
   6.8399089e+03
   6.8401974e+03
   6.8542826e+03
   6.8544343e+03
   6.8669926e+03
   6.8676695e+03
   6.8718584e+03
   6.8736034e+03
   6.8737279e+03
   6.8738097e+03
   6.8807152e+03
   6.8917881e+03
   6.8919509e+03
   6.8929464e+03
   6.8977217e+03
   6.9020278e+03
   6.9025702e+03
   6.9029681e+03
   6.9037991e+03
   6.9042523e+03
   6.9073032e+03
   6.9166971e+03
   6.9273518e+03
   6.9275888e+03
   6.9326211e+03
   6.9350039e+03
   6.9350215e+03
   6.9411698e+03
   6.9432633e+03
   6.9432675e+03
   6.9433045e+03
   6.9659875e+03
   7.0028677e+03
   7.0072476e+03
   7.0809004e+03
   7.0864783e+03
   7.1368915e+03
   7.2297960e+03
   7.2308302e+03
   7.3001033e+03
   7.3080870e+03
   7.4425679e+03
   7.4433859e+03
   7.4678741e+03
   7.4726282e+03
   7.4776319e+03
   7.4776586e+03
   7.4874674e+03
   7.4877639e+03
   7.5347829e+03
   7.5363105e+03
   7.5748526e+03
   7.6025662e+03
   7.6329023e+03
   7.6329100e+03
   7.6343868e+03
   7.6347794e+03
   7.6361843e+03
   7.7101111e+03
   7.7106474e+03
   7.7642971e+03
   7.7835276e+03
   7.8344065e+03
   7.8395335e+03
   7.8515917e+03
   7.8564629e+03
   7.8571879e+03
   7.8613548e+03
   7.8613844e+03
   7.8626732e+03
   7.8638895e+03
   7.8763773e+03
   7.8789818e+03
   7.8820185e+03
   7.8964239e+03
   7.9191473e+03
   7.9236670e+03
   7.9277995e+03
   7.9503014e+03
   7.9584672e+03
   7.9782946e+03
   7.9841947e+03
   7.9842027e+03
   8.0075287e+03
   8.0103319e+03
   8.0109193e+03
   8.0134309e+03
   8.0170082e+03
   8.0212354e+03
   8.0227075e+03
   8.0287028e+03
   8.0410926e+03
   8.0418797e+03
   8.0446619e+03
   8.0599243e+03
   8.0627757e+03
   8.0727757e+03
   8.0980501e+03
   8.1058222e+03
   8.1085160e+03
   8.1281732e+03
   8.1284355e+03
   8.1286203e+03
   8.1326563e+03
   8.1374966e+03
   8.1374990e+03
   8.1434870e+03
   8.1455322e+03
   8.1477400e+03
   8.1591217e+03
   8.1602424e+03
   8.1681471e+03
   8.1711479e+03
   8.1777413e+03
   8.1787773e+03
   8.1965064e+03
   8.1972070e+03
   8.1974086e+03
   8.2057076e+03
   8.2073275e+03
   8.2292684e+03
   8.2417089e+03
   8.2462741e+03
   8.2542136e+03
   8.2549954e+03
   8.2622435e+03
   8.2625149e+03
   8.2657830e+03
   8.2734254e+03
   8.2755429e+03
   8.2761109e+03
   8.2803113e+03
   8.2863392e+03
   8.2873888e+03
   8.2934878e+03
   8.2943252e+03
   8.2947063e+03
   8.3180680e+03
   8.3314432e+03
   8.3347992e+03
   8.3351413e+03
   8.3597491e+03
   8.3642785e+03
   8.3643173e+03
   8.3649756e+03
   8.3836131e+03
   8.3911093e+03
   8.4045341e+03
   8.4073034e+03
   8.4106374e+03
   8.4111023e+03
   8.4141456e+03
   8.4174289e+03
   8.4175502e+03
   8.4303294e+03
   8.4314181e+03
   8.4319118e+03
   8.4463294e+03
   8.4509880e+03
   8.4523485e+03
   8.4533475e+03
   8.4641811e+03
   8.4841031e+03
   8.4917277e+03
   8.5023091e+03
   8.5040092e+03
   8.5107560e+03
   8.5172756e+03
   8.5317965e+03
   8.5343599e+03
   8.5394392e+03
   8.5396537e+03
   8.5397358e+03
   8.5397391e+03
   8.5426211e+03
   8.5521623e+03
   8.5521669e+03
   8.5682284e+03
   8.5697925e+03
   8.5725936e+03
   8.5758614e+03
   8.5761676e+03
   8.5819918e+03
   8.5827259e+03
   8.5847078e+03
   8.5855622e+03
   8.5899821e+03
   8.5949336e+03
   8.5952683e+03
   8.6009846e+03
   8.6043829e+03
   8.6043974e+03
   8.6085289e+03
   8.6113591e+03
   8.6127140e+03
   8.6184248e+03
   8.6184449e+03
   8.6201038e+03
   8.6323760e+03
   8.6349983e+03
   8.6357240e+03
   8.6357412e+03
   8.6357530e+03
   8.6405312e+03
   8.6411663e+03
   8.6441541e+03
   8.6443099e+03
   8.6464623e+03
   8.6519201e+03
   8.6529286e+03
   8.6582620e+03
   8.6582781e+03
   8.6593687e+03
   8.6749472e+03
   8.6771163e+03
   8.6811003e+03
   8.6860987e+03
   8.6908773e+03
   8.6926290e+03
   8.6971496e+03
   8.6975504e+03
   8.6975568e+03
   8.7021203e+03
   8.7037413e+03
   8.7054368e+03
   8.7219104e+03
   8.7323084e+03
   8.7323223e+03
   8.7638486e+03
   8.7722699e+03
   8.7738272e+03
   8.7738459e+03
   8.7848959e+03
   8.7910968e+03
   8.7911005e+03
   8.8110182e+03
   8.8183614e+03
   8.8193680e+03
   8.8217676e+03
   8.8442998e+03
   8.8606671e+03
   8.8607378e+03
   8.8610742e+03
   8.8610886e+03
   8.8622725e+03
   8.8685741e+03
   8.8729901e+03
   8.8838032e+03
   8.8865315e+03
   8.9159030e+03
   8.9159121e+03
   8.9168026e+03
   8.9169747e+03
   8.9178208e+03
   8.9234973e+03
   8.9248219e+03
   8.9322692e+03
   8.9352769e+03
   8.9360788e+03
   8.9363644e+03
   8.9369451e+03
   8.9382144e+03
   8.9417128e+03
   8.9492922e+03
   8.9501962e+03
   8.9575191e+03
   8.9595758e+03
   8.9618877e+03
   8.9623998e+03
   8.9640006e+03
   8.9671726e+03
   8.9859360e+03
   9.0016030e+03
   9.0240919e+03
   9.0245529e+03
   9.0301989e+03
   9.0313883e+03
   9.0382529e+03
   9.0409210e+03
   9.0432447e+03
   9.0436269e+03
   9.0441630e+03
   9.0507886e+03
   9.0507979e+03
   9.0528809e+03
   9.0601113e+03
   9.0658527e+03
   9.0682639e+03
   9.0697654e+03
   9.0711821e+03
   9.0737974e+03
   9.0752267e+03
   9.0756248e+03
   9.0764114e+03
   9.0806707e+03
   9.0876287e+03
   9.0899527e+03
   9.0901732e+03
   9.0986200e+03
   9.1024387e+03
   9.1026988e+03
   9.1060141e+03
   9.1080075e+03
   9.1080222e+03
   9.1121744e+03
   9.1128088e+03
   9.1128932e+03
   9.1192794e+03
   9.1498002e+03
   9.1924999e+03
   9.1999060e+03
   9.2043495e+03
   9.2045618e+03
   9.2046921e+03
   9.2047123e+03
   9.2052777e+03
   9.2056650e+03
   9.2056671e+03
   9.2083594e+03
   9.2164493e+03
   9.2167060e+03
   9.2213930e+03
   9.2238923e+03
   9.2248945e+03
   9.2346041e+03
   9.2349279e+03
   9.2355558e+03
   9.2373644e+03
   9.2376159e+03
   9.2497768e+03
   9.2520090e+03
   9.2560264e+03
   9.2560481e+03
   9.2562773e+03
   9.2583428e+03
   9.2650378e+03
   9.2795452e+03
   9.2801300e+03
   9.2971221e+03
   9.3000068e+03
   9.3016351e+03
   9.3027876e+03
   9.3079049e+03
   9.3242344e+03
   9.3242609e+03
   9.3504133e+03
   9.3525973e+03
   9.3598820e+03
   9.3647307e+03
   9.3768659e+03
   9.3860474e+03
   9.3941503e+03
   9.4081778e+03
   9.4091068e+03
   9.4330137e+03
   9.4358483e+03
   9.4411067e+03
   9.4493085e+03
   9.4535020e+03
   9.4594429e+03
   9.4612252e+03
   9.4615347e+03
   9.4633524e+03
   9.4655237e+03
   9.4776851e+03
   9.4777933e+03
   9.4815690e+03
   9.4824005e+03
   9.4842155e+03
   9.4843711e+03
   9.4900202e+03
   9.4905475e+03
   9.4944009e+03
   9.5061543e+03
   9.5062887e+03
   9.5068637e+03
   9.5095345e+03
   9.5353438e+03
   9.5358557e+03
   9.5360746e+03
   9.5360801e+03
   9.5549575e+03
   9.5560532e+03
   9.6664043e+03
   9.6696345e+03
   9.6863046e+03
   9.6943287e+03
   9.6995003e+03
   9.7037946e+03
   9.7038322e+03
   9.7072298e+03
   9.7096484e+03
   9.7121901e+03
   9.7175902e+03
   9.7204219e+03
   9.7235061e+03
   9.7342701e+03
   9.7398721e+03
   9.7409095e+03
   9.7409896e+03
   9.7437013e+03
   9.7536266e+03
   9.7590032e+03
   9.7600420e+03
   9.7600667e+03
   9.7731930e+03
   9.7896721e+03
   9.8051203e+03
   9.8190354e+03
   9.8214847e+03
   9.8423558e+03
   9.8440596e+03
   9.8474953e+03
   9.8480957e+03
   9.8573532e+03
   9.8574295e+03
   9.8574585e+03
   9.8671597e+03
   9.8680116e+03
   9.8787565e+03
   9.8798102e+03
   9.9718991e+03
   9.9790384e+03
   9.9790455e+03
   9.9916193e+03
   1.0004097e+04
   1.0016798e+04
   1.0084579e+04
   1.0109957e+04
   1.0145935e+04
   1.0161424e+04
   1.0196990e+04
   1.0200290e+04
   1.0236757e+04
   1.0247617e+04
   1.0247775e+04
   1.0275483e+04
   1.0276625e+04
   1.0276745e+04
   1.0282257e+04
   1.0287000e+04
   1.0292491e+04
   1.0292973e+04
   1.0300435e+04
   1.0313452e+04
   1.0335379e+04
   1.0338164e+04
   1.0339046e+04
   1.0339784e+04
   1.0343828e+04
   1.0345321e+04
   1.0375320e+04
   1.0382783e+04
   1.0384442e+04
   1.0390997e+04
   1.0393780e+04
   1.0402210e+04
   1.0402288e+04
   1.0414924e+04
   1.0418055e+04
   1.0423447e+04
   1.0424154e+04
   1.0429414e+04
   1.0435872e+04
   1.0451962e+04
   1.0455412e+04
   1.0456246e+04
   1.0456342e+04
   1.0462865e+04
   1.0472189e+04
   1.0480014e+04
   1.0480072e+04
   1.0482240e+04
   1.0482523e+04
   1.0490547e+04
   1.0500904e+04
   1.0516777e+04
   1.0522926e+04
   1.0523108e+04
   1.0530138e+04
   1.0548695e+04
   1.0549111e+04
   1.0549414e+04
   1.0549909e+04
   1.0553143e+04
   1.0557676e+04
   1.0557781e+04
   1.0566791e+04
   1.0567200e+04
   1.0569013e+04
   1.0571852e+04
   1.0581666e+04
   1.0582707e+04
   1.0601051e+04
   1.0604426e+04
   1.0605863e+04
   1.0605928e+04
   1.0609372e+04
   1.0627492e+04
   1.0630450e+04
   1.0636303e+04
   1.0647843e+04
   1.0652637e+04
   1.0653213e+04
   1.0654418e+04
   1.0654855e+04
   1.0664554e+04
   1.0664910e+04
   1.0669316e+04
   1.0669826e+04
   1.0670314e+04
   1.0674263e+04
   1.0674265e+04
   1.0676402e+04
   1.0676914e+04
   1.0697628e+04
   1.0710478e+04
   1.0710531e+04
   1.0714837e+04
   1.0720819e+04
   1.0734401e+04
   1.0737552e+04
   1.0739496e+04
   1.0740636e+04
   1.0745590e+04
   1.0749129e+04
   1.0762180e+04
   1.0762211e+04
   1.0774147e+04
   1.0774856e+04
   1.0776634e+04
   1.0777014e+04
   1.0780080e+04
   1.0781548e+04
   1.0786825e+04
   1.0792474e+04
